0, 9.0
501, 2.0
502, 2.0
1004, 2.0
1506, 2.0
2008, 6.0
2510, 4.0
3011, 8.0
3012, 8.0
3513, 4.0
3514, 4.0
4015, 5.0
4016, 5.0
4517, 4.0
4518, 4.0
5019, 6.0
5020, 6.0
5520, 2.0
5521, 2.0
5522, 2.0
6022, 5.0
6023, 5.0
6024, 5.0
6524, 3.0
6525, 3.0
7026, 6.0
7027, 6.0
7028, 6.0
7527, 3.0
7528, 3.0
7529, 3.0
7530, 3.0
8030, 5.0
8031, 5.0
8532, 4.0
8533, 4.0
9033, 5.0
9034, 5.0
9035, 5.0
9535, 3.0
9536, 3.0
10037, 6.0
10039, 6.0
10539, 3.0
10540, 3.0
11041, 5.0
11042, 5.0
11543, 3.0
12044, 5.0
12045, 5.0
12545, 3.0
12546, 3.0
13047, 6.0
13048, 6.0
13549, 3.0
13550, 4.0
14050, 5.0
14051, 5.0
14052, 5.0
14552, 3.0
14553, 3.0
14554, 3.0
15054, 6.0
15055, 6.0
15556, 2.0
15557, 2.0
16057, 5.0
16059, 5.0
16559, 3.0
16560, 3.0
16561, 3.0
17061, 6.0
17062, 6.0
17063, 6.0
17563, 4.0
17564, 4.0
17565, 4.0
18064, 5.0
18066, 5.0
18067, 5.0
18566, 5.0
18567, 5.0
18568, 5.0
18569, 5.0
19068, 4.0
19069, 4.0
19071, 4.0
19569, 3.0
19570, 3.0
19571, 3.0
19573, 3.0
20071, 5.0
20072, 5.0
20073, 5.0
20075, 5.0
20573, 3.0
20574, 3.0
20575, 3.0
20578, 3.0
21075, 6.0
21077, 6.0
21079, 6.0
21576, 3.0
21578, 3.0
21581, 3.0
22078, 6.0
22079, 6.0
22081, 6.0
22082, 6.0
22580, 5.0
22581, 5.0
22583, 5.0
22584, 5.0
23082, 5.0
23084, 5.0
23086, 5.0
23583, 3.0
23585, 3.0
23586, 3.0
23588, 3.0
24085, 5.0
24087, 5.0
24089, 5.0
24587, 3.0
24589, 3.0
24591, 3.0
25089, 6.0
25091, 6.0
25093, 6.0
25590, 4.0
25593, 4.0
25594, 4.0
26092, 5.0
26095, 5.0
26096, 5.0
26593, 3.0
26597, 3.0
26598, 3.0
27095, 6.0
27098, 6.0
27100, 6.0
27596, 3.0
27600, 3.0
27601, 3.0
27602, 3.0
28099, 5.0
28102, 5.0
28103, 5.0
28104, 5.0
28601, 4.0
28603, 4.0
28604, 4.0
28606, 4.0
29102, 5.0
29106, 5.0
29107, 5.0
29108, 5.0
29604, 4.0
29608, 4.0
29610, 4.0
30106, 5.0
30110, 5.0
30111, 5.0
30112, 5.0
30609, 3.0
30613, 4.0
31111, 5.0
31114, 4.0
31116, 4.0
31613, 3.0
31616, 3.0
31617, 3.0
32115, 3.0
32118, 3.0
32119, 3.0
32616, 2.0
32619, 2.0
32622, 2.0
33118, 10.0
33121, 10.0
33123, 10.0
33619, 9.0
33623, 9.0
33624, 9.0
33625, 9.0
34121, 8.0
34125, 8.0
34127, 8.0
34622, 5.0
34626, 5.0
34627, 5.0
34628, 5.0
35124, 2.0
35128, 2.0
35129, 2.0
35130, 2.0
35626, 3.0
35629, 3.0
35631, 2.0
35632, 2.0
36128, 1.0
36131, 2.0
36133, 2.0
36134, 2.0
36630, 3.0
36633, 3.0
36634, 3.0
36636, 3.0
37132, 2.0
37135, 2.0
37136, 2.0
37138, 2.0
37634, 2.0
37636, 3.0
37638, 3.0
37639, 3.0
38135, 4.0
38138, 4.0
38140, 4.0
38141, 4.0
38638, 5.0
38639, 5.0
38641, 5.0
38643, 5.0
39140, 5.0
39141, 5.0
39142, 5.0
39145, 5.0
39642, 5.0
39643, 5.0
39644, 5.0
39647, 5.0
40144, 2.0
40145, 2.0
40149, 2.0
40645, 2.0
40646, 2.0
40647, 2.0
40651, 2.0
41148, 2.0
41149, 2.0
41152, 2.0
41649, 4.0
41650, 4.0
41655, 4.0
42151, 2.0
42152, 2.0
42157, 2.0
42653, 2.0
42654, 2.0
42658, 2.0
43155, 3.0
43156, 3.0
43159, 3.0
43656, 5.0
43658, 6.0
43661, 5.0
44158, 4.0
44160, 4.0
44162, 4.0
44660, 5.0
44661, 5.0
44664, 5.0
45162, 2.0
45163, 2.0
45166, 2.0
45664, 4.0
45665, 4.0
45666, 4.0
45667, 4.0
46166, 2.0
46167, 2.0
46169, 2.0
46668, 2.0
46669, 2.0
46671, 2.0
47170, 2.0
47171, 2.0
47172, 2.0
47672, 3.0
47673, 3.0
47674, 3.0
48173, 2.0
48174, 2.0
48175, 2.0
48176, 2.0
48676, 6.0
48677, 6.0
48678, 6.0
49177, 5.0
49178, 5.0
49179, 5.0
49679, 7.0
49680, 7.0
49681, 7.0
50181, 4.0
50182, 4.0
50184, 4.0
50682, 3.0
50683, 3.0
50684, 3.0
50686, 3.0
51184, 1.0
51185, 1.0
51186, 1.0
51188, 1.0
51686, 3.0
51687, 3.0
51688, 3.0
51690, 3.0
52188, 1.0
52189, 1.0
52190, 2.0
52191, 2.0
52690, 2.0
52691, 2.0
52692, 2.0
52693, 2.0
53192, 2.0
53193, 2.0
53194, 2.0
53195, 2.0
53694, 5.0
53695, 5.0
53696, 5.0
53697, 5.0
54196, 5.0
54198, 5.0
54199, 5.0
54698, 5.0
54700, 5.0
54701, 5.0
55199, 4.0
55200, 4.0
55202, 4.0
55203, 4.0
55701, 3.0
55704, 3.0
56202, 2.0
56203, 2.0
56205, 2.0
56206, 2.0
56704, 3.0
56705, 3.0
56707, 3.0
57206, 1.0
57207, 1.0
57209, 1.0
57708, 2.0
57709, 2.0
57711, 2.0
58210, 1.0
58211, 1.0
58213, 1.0
58711, 3.0
58712, 3.0
58715, 3.0
59213, 5.0
59214, 5.0
59217, 5.0
59715, 6.0
59716, 6.0
59718, 6.0
59719, 6.0
60216, 4.0
60218, 4.0
60221, 4.0
60718, 2.0
60719, 2.0
60722, 2.0
60723, 2.0
61220, 1.0
61221, 1.0
61224, 1.0
61722, 3.0
61723, 3.0
61726, 3.0
62224, 2.0
62225, 2.0
62228, 2.0
62726, 3.0
62727, 3.0
62730, 3.0
63227, 3.0
63229, 3.0
63232, 3.0
63729, 5.0
63730, 5.0
63733, 5.0
63734, 5.0
64231, 6.0
64232, 6.0
64235, 6.0
64236, 6.0
64733, 5.0
64734, 5.0
64737, 5.0
64738, 5.0
65235, 5.0
65236, 5.0
65239, 5.0
65737, 2.0
65738, 2.0
65740, 2.0
65741, 2.0
66239, 2.0
66242, 2.0
66243, 2.0
66741, 2.0
66744, 3.0
66745, 2.0
67243, 1.0
67246, 1.0
67247, 2.0
67744, 2.0
67745, 2.0
67748, 2.0
68246, 2.0
68248, 2.0
68249, 2.0
68250, 2.0
68748, 1.0
68750, 1.0
68751, 1.0
68752, 1.0
69250, 5.0
69251, 5.0
69253, 5.0
69254, 5.0
69752, 5.0
69753, 5.0
69755, 5.0
69757, 5.0
70254, 5.0
70256, 5.0
70259, 5.0
70755, 2.0
70756, 2.0
70758, 3.0
70761, 3.0
71257, 2.0
71258, 2.0
71260, 2.0
71263, 2.0
71759, 3.0
71760, 3.0
71762, 3.0
71765, 3.0
72260, 2.0
72261, 2.0
72264, 2.0
72266, 2.0
72762, 2.0
72763, 2.0
72766, 2.0
72768, 2.0
73264, 1.0
73268, 2.0
73270, 2.0
73766, 1.0
73770, 1.0
73772, 1.0
74267, 3.0
74268, 3.0
74271, 3.0
74274, 3.0
74769, 5.0
74770, 5.0
74773, 5.0
74776, 5.0
75271, 5.0
75272, 5.0
75275, 5.0
75278, 5.0
75773, 4.0
75777, 4.0
75779, 4.0
76275, 2.0
76278, 2.0
76281, 2.0
76777, 2.0
76778, 2.0
76779, 2.0
76782, 2.0
77279, 1.0
77280, 1.0
77281, 1.0
77284, 1.0
77781, 2.0
77782, 2.0
77783, 2.0
77786, 2.0
78283, 2.0
78284, 2.0
78285, 2.0
78288, 2.0
78785, 2.0
78786, 2.0
78787, 2.0
78790, 2.0
79287, 2.0
79289, 2.0
79292, 2.0
79789, 4.0
79791, 4.0
79793, 4.0
80291, 5.0
80293, 5.0
80295, 5.0
80793, 5.0
80794, 6.0
80797, 5.0
81295, 2.0
81296, 2.0
81299, 2.0
81797, 2.0
81798, 2.0
81801, 2.0
82299, 2.0
82303, 2.0
82801, 2.0
82806, 2.0
83302, 2.0
83303, 2.0
83308, 2.0
83804, 2.0
83805, 2.0
83809, 2.0
84306, 2.0
84307, 2.0
84311, 2.0
84808, 4.0
84809, 4.0
84813, 4.0
85309, 4.0
85310, 4.0
85311, 4.0
85316, 4.0
85811, 5.0
85812, 5.0
85813, 5.0
85817, 5.0
86313, 2.5
86315, 3.0
86319, 2.0
86814, 3.0
86815, 3.0
86816, 3.0
86821, 3.0
87316, 2.0
87317, 2.0
87318, 2.0
87323, 2.0
87817, 1.0
87818, 2.0
87820, 2.0
87825, 2.0
88319, 1.0
88321, 1.0
88322, 1.0
88327, 1.0
88820, 2.0
88822, 2.0
88824, 2.0
88829, 2.0
89322, 2.0
89324, 2.0
89326, 2.0
89331, 1.0
89824, 3.0
89825, 3.0
89827, 3.0
89833, 3.0
90326, 5.0
90327, 5.0
90329, 5.0
90334, 5.0
90827, 4.0
90829, 4.0
90831, 5.0
90836, 5.0
91330, 4.0
91331, 3.0
91333, 3.0
91338, 3.0
91831, 2.0
91833, 2.0
91835, 2.0
91840, 2.0
92333, 2.0
92335, 2.0
92336, 2.0
92342, 2.0
92835, 3.0
92837, 3.0
92838, 3.0
92844, 3.0
93336, 3.0
93338, 3.0
93340, 3.0
93346, 3.0
93839, 2.0
93840, 2.0
93842, 2.0
93848, 2.0
94340, 1.0
94341, 1.0
94344, 1.0
94349, 1.0
94841, 3.0
94843, 3.0
94845, 3.0
94852, 3.0
95344, 5.0
95347, 5.0
95353, 5.0
95845, 5.0
95846, 5.0
95848, 5.0
95855, 5.0
96347, 6.0
96348, 6.0
96350, 6.0
96357, 6.0
96849, 2.0
96850, 2.0
96851, 2.0
96859, 2.0
97350, 2.0
97352, 2.0
97353, 2.0
97361, 2.0
97852, 2.0
97854, 2.0
97855, 2.0
97863, 2.0
98354, 2.0
98356, 2.0
98365, 2.0
98856, 2.0
98858, 2.0
98866, 2.0
99357, 1.0
99359, 1.0
99360, 1.0
99369, 1.0
99859, 2.0
99861, 2.0
99862, 2.0
99870, 2.0
100360, 5.0
100363, 5.0
100364, 5.0
100372, 5.0
100862, 6.0
100865, 6.0
100874, 6.0
101365, 4.0
101367, 4.0
101376, 4.0
101866, 4.0
101869, 4.0
101878, 4.0
102368, 2.0
102370, 2.0
102371, 2.0
102379, 2.0
102870, 2.0
102872, 2.0
102881, 2.0
103371, 2.0
103374, 2.0
103375, 2.0
103383, 2.0
103873, 2.0
103876, 2.0
103884, 2.0
104375, 1.0
104377, 1.0
104386, 1.0
104877, 2.0
104879, 2.0
104888, 2.0
105379, 4.0
105381, 4.0
105390, 4.0
105881, 4.0
105882, 4.0
105883, 4.0
105891, 4.0
106382, 5.0
106384, 5.0
106393, 5.0
106884, 4.0
106885, 4.0
106886, 4.0
106895, 3.0
107386, 2.0
107387, 2.0
107388, 2.0
107396, 2.0
107887, 2.0
107889, 2.0
107890, 2.0
107897, 2.0
108388, 2.0
108391, 2.0
108399, 2.0
108890, 1.0
108892, 1.0
108893, 1.0
108900, 1.0
109392, 2.0
109394, 2.0
109402, 2.0
109894, 4.0
109896, 4.0
109904, 4.0
110395, 3.0
110397, 3.0
110406, 3.0
110897, 5.0
110898, 5.0
110899, 5.0
110908, 4.0
111399, 5.0
111400, 5.0
111401, 5.0
111409, 5.0
111900, 5.0
111901, 5.0
111903, 5.0
111911, 5.0
112402, 2.0
112403, 2.0
112405, 2.0
112413, 2.0
112903, 2.0
112904, 2.0
112907, 2.0
112915, 2.0
113405, 2.0
113406, 2.0
113408, 2.0
113417, 2.0
113906, 2.0
113908, 2.0
113909, 2.0
113919, 2.0
114408, 2.0
114410, 2.0
114411, 2.0
114421, 2.0
114909, 2.0
114912, 2.0
114913, 2.0
114923, 2.0
115411, 2.0
115414, 2.0
115415, 2.0
115425, 2.0
115913, 6.0
115916, 5.0
115917, 5.0
115927, 5.0
116415, 5.0
116418, 5.0
116419, 5.0
116428, 5.0
116917, 6.0
116920, 6.0
116930, 6.0
117419, 4.0
117421, 4.0
117422, 4.0
117432, 4.0
117921, 2.0
117923, 2.0
117924, 2.0
117934, 2.0
118423, 1.0
118425, 1.0
118435, 2.0
118925, 2.0
118927, 1.0
118937, 1.0
119427, 2.0
119428, 2.0
119439, 2.0
119929, 2.0
119930, 2.0
119942, 2.0
120431, 1.0
120432, 1.0
120443, 1.0
120932, 4.0
120934, 4.0
120944, 4.0
121434, 6.0
121436, 6.0
121446, 6.0
121936, 8.0
121938, 8.0
121948, 8.0
122437, 3.0
122438, 3.0
122439, 3.0
122450, 3.0
122939, 3.0
122940, 3.0
122942, 3.0
122952, 3.0
123441, 2.0
123444, 2.0
123454, 2.0
123942, 2.0
123943, 2.0
123945, 2.0
123955, 2.0
124444, 2.0
124447, 2.0
124457, 2.0
124946, 1.0
124949, 1.0
124958, 1.0
125447, 2.0
125448, 2.0
125451, 2.0
125460, 2.0
125949, 4.0
125950, 4.0
125953, 3.0
125962, 4.0
126451, 6.0
126454, 6.0
126464, 6.0
126952, 5.0
126956, 5.0
126966, 5.0
127454, 4.0
127458, 3.0
127468, 3.0
127956, 3.0
127957, 3.0
127959, 3.0
127969, 3.0
128457, 2.0
128458, 2.0
128461, 2.0
128471, 2.0
128958, 2.0
128960, 2.0
128963, 2.0
128973, 2.0
129460, 1.0
129461, 1.0
129464, 1.0
129474, 2.0
129962, 2.0
129963, 2.0
129966, 2.0
129975, 2.0
130463, 2.0
130465, 2.0
130468, 2.0
130477, 2.0
130965, 2.0
130966, 2.0
130969, 2.0
130978, 2.0
131467, 6.0
131470, 5.0
131480, 5.0
131968, 5.0
131969, 5.0
131972, 5.0
131982, 5.0
132470, 5.0
132471, 5.0
132473, 5.0
132484, 5.0
132971, 2.0
132973, 2.0
132974, 2.0
132985, 2.0
133473, 1.0
133475, 1.0
133476, 1.0
133487, 1.0
133974, 2.0
133976, 1.0
133977, 1.0
133988, 2.0
134476, 2.0
134478, 2.0
134479, 2.0
134490, 1.0
134978, 2.0
134979, 2.0
134980, 2.0
134991, 2.0
135480, 2.0
135481, 2.0
135482, 2.0
135493, 2.0
135981, 2.0
135982, 2.0
135983, 2.0
135995, 2.0
136482, 2.0
136484, 2.0
136485, 2.0
136496, 2.0
136983, 2.0
136985, 2.0
136986, 2.0
136998, 2.0
137485, 2.0
137487, 2.0
137488, 2.0
137499, 2.0
137986, 1.0
137990, 1.0
138001, 1.0
138488, 2.0
138491, 2.0
138502, 2.0
138990, 1.0
138992, 1.0
139003, 1.0
139491, 2.0
139494, 2.0
139506, 2.0
139993, 2.0
139995, 2.0
139996, 2.0
140007, 2.0
140495, 1.0
140497, 1.0
140508, 1.0
140997, 2.0
140998, 2.0
141010, 2.0
141498, 3.0
141499, 3.0
141500, 3.0
141512, 3.0
142000, 3.0
142001, 3.0
142013, 3.0
142502, 3.0
142503, 3.0
142514, 3.0
143003, 2.0
143004, 2.0
143005, 2.0
143015, 2.0
143505, 3.0
143507, 3.0
143517, 3.0
144007, 3.0
144009, 3.0
144019, 3.0
144508, 2.0
144509, 2.0
144510, 2.0
144520, 1.0
145010, 1.0
145011, 1.0
145012, 1.0
145021, 1.0
145511, 1.0
145512, 1.0
145513, 1.0
145523, 1.0
146013, 2.0
146014, 2.0
146015, 2.0
146025, 2.0
146514, 3.0
146515, 3.0
146516, 3.0
146527, 3.0
147016, 1.0
147017, 1.0
147018, 1.0
147029, 1.0
147517, 2.0
147519, 2.0
147520, 2.0
147530, 2.0
148019, 2.0
148020, 2.0
148021, 2.0
148031, 2.0
148520, 1.0
148521, 1.0
148523, 1.0
148533, 1.0
149022, 2.0
149024, 2.0
149025, 2.0
149035, 2.0
149523, 1.0
149525, 1.0
149527, 1.0
149536, 1.0
150024, 2.0
150026, 2.0
150028, 2.0
150038, 2.0
150526, 1.0
150528, 1.0
150530, 1.0
150540, 1.0
151027, 1.0
151030, 1.0
151032, 1.0
151042, 1.0
151528, 2.0
151531, 2.0
151533, 2.0
151544, 2.0
152030, 2.0
152033, 2.0
152035, 2.0
152046, 2.0
152531, 2.0
152535, 2.0
152536, 2.0
152547, 2.0
153032, 2.0
153037, 2.5
153050, 3.0
153534, 2.0
153539, 2.0
153551, 2.0
154036, 2.0
154041, 2.0
154053, 2.0
154538, 2.0
154542, 2.0
154543, 2.0
154554, 2.0
155040, 1.0
155044, 1.0
155045, 1.0
155055, 1.0
155541, 1.0
155545, 1.0
155547, 1.0
155557, 1.0
156043, 2.0
156047, 2.0
156048, 2.0
156059, 2.0
156544, 2.0
156549, 2.0
156550, 2.0
156561, 2.0
157046, 2.0
157050, 2.0
157052, 2.0
157063, 2.0
157548, 2.0
157552, 2.0
157554, 2.0
157564, 2.0
158050, 1.0
158053, 1.0
158055, 1.0
158066, 1.0
158551, 2.0
158555, 2.0
158557, 2.0
158568, 2.0
159053, 1.0
159057, 1.0
159058, 1.0
159069, 1.0
159554, 2.0
159559, 2.0
159560, 2.0
159571, 2.0
160056, 1.0
160061, 1.0
160072, 1.0
160558, 2.0
160562, 2.0
160573, 2.0
161059, 1.0
161063, 1.0
161075, 1.0
161561, 2.0
161564, 2.0
161565, 2.0
161576, 2.0
162062, 2.0
162066, 2.0
162078, 2.0
162564, 2.0
162567, 2.0
162568, 2.0
162580, 2.0
163066, 2.0
163069, 2.0
163082, 2.0
163567, 1.0
163571, 1.0
163583, 1.0
164069, 1.0
164072, 1.0
164085, 1.0
164571, 2.0
164574, 2.0
164587, 2.0
165073, 1.0
165076, 1.0
165089, 2.0
165575, 3.0
165577, 3.0
165578, 3.0
165590, 3.0
166077, 2.0
166079, 2.0
166092, 2.0
166579, 2.0
166580, 2.0
166593, 2.0
167081, 2.0
167082, 2.0
167096, 2.0
167583, 1.5
167584, 1.0
167597, 1.0
168084, 2.0
168085, 2.0
168099, 2.0
168585, 2.0
168587, 2.0
168601, 2.0
169086, 2.0
169087, 2.0
169089, 2.0
169102, 2.0
169588, 2.0
169589, 2.0
169590, 2.0
169604, 2.0
170089, 3.0
170090, 3.0
170091, 3.0
170106, 3.0
170590, 4.0
170592, 4.0
170593, 4.0
170607, 4.0
171092, 3.0
171093, 3.0
171095, 3.0
171109, 4.0
171594, 11.0
171595, 11.0
171596, 11.0
171611, 10.0
172095, 3.0
172097, 3.0
172098, 3.0
172112, 3.0
172597, 2.0
172599, 2.0
172600, 2.0
172613, 2.0
173099, 1.0
173101, 1.0
173102, 1.0
173115, 1.0
173600, 2.0
173602, 2.0
173604, 2.0
173617, 2.0
174102, 3.0
174104, 3.0
174105, 3.0
174118, 3.0
174604, 2.0
174606, 2.0
174619, 2.0
175105, 2.0
175108, 2.0
175121, 2.0
175607, 1.0
175609, 1.0
175610, 1.0
175622, 1.0
176109, 1.0
176110, 1.0
176112, 1.0
176123, 1.0
176611, 2.0
176612, 2.0
176614, 2.0
176625, 2.0
177112, 1.0
177114, 1.0
177116, 1.0
177126, 1.0
177614, 1.0
177615, 1.0
177617, 1.0
177629, 1.0
178115, 2.0
178117, 2.0
178118, 2.0
178131, 2.0
178617, 2.0
178619, 2.0
178620, 2.0
178632, 2.0
179118, 2.0
179121, 2.0
179133, 2.0
179619, 2.0
179622, 2.0
179623, 2.0
179635, 2.0
180121, 2.0
180124, 2.0
180137, 2.0
180622, 2.0
180625, 2.0
180626, 2.0
180639, 2.0
181124, 2.0
181127, 2.0
181141, 2.0
181625, 2.0
181629, 2.0
181642, 2.0
182127, 1.0
182131, 1.0
182143, 1.0
182628, 2.0
182632, 2.0
182633, 2.0
182644, 2.0
183130, 4.0
183133, 4.0
183134, 4.0
183146, 4.0
183632, 1.0
183635, 1.0
183636, 1.0
183648, 1.0
184133, 2.0
184137, 2.0
184138, 2.0
184149, 2.0
184635, 1.0
184638, 1.0
184640, 1.0
184650, 1.0
185137, 2.0
185139, 2.0
185141, 2.0
185153, 2.0
185638, 1.0
185641, 1.0
185642, 1.0
185654, 1.0
186139, 1.0
186143, 1.0
186144, 1.0
186156, 1.0
186641, 1.0
186644, 1.0
186646, 1.0
186657, 1.0
187142, 2.0
187146, 2.0
187147, 2.0
187159, 2.0
187644, 1.0
187648, 1.0
187660, 1.0
188145, 2.0
188150, 2.0
188162, 2.0
188647, 2.0
188651, 2.0
188663, 1.0
189148, 2.0
189153, 2.0
189164, 2.0
189649, 2.0
189654, 2.0
189655, 2.0
189666, 2.0
190151, 1.0
190156, 1.0
190157, 1.0
190167, 1.0
190653, 1.0
190657, 1.0
190659, 1.0
190669, 1.0
191154, 2.0
191159, 2.0
191161, 2.0
191171, 2.0
191656, 2.0
191660, 2.0
191662, 2.0
191673, 2.0
192158, 1.0
192161, 1.0
192164, 1.0
192175, 1.0
192659, 1.0
192663, 1.0
192665, 1.0
192677, 1.0
193161, 2.0
193165, 2.0
193167, 2.0
193178, 1.0
193663, 2.0
193667, 2.0
193669, 2.0
193681, 2.0
194164, 2.0
194168, 2.0
194170, 2.0
194183, 2.0
194666, 1.0
194669, 1.0
194671, 1.0
194685, 2.0
195168, 2.0
195170, 2.0
195172, 2.0
195187, 2.0
195670, 2.0
195671, 2.0
195674, 2.0
195688, 2.0
196171, 2.0
196173, 2.0
196175, 2.0
196190, 2.0
196673, 1.0
196675, 1.0
196676, 1.0
196691, 1.0
197174, 1.0
197177, 1.0
197178, 1.0
197192, 1.0
197676, 2.0
197679, 2.0
197680, 2.0
197694, 2.0
198178, 1.0
198181, 1.0
198196, 1.0
198680, 2.0
198682, 2.0
198683, 2.0
198698, 2.0
199181, 2.0
199184, 2.0
199185, 2.0
199199, 2.0
199683, 1.0
199685, 1.0
199686, 1.0
199700, 1.0
200185, 2.0
200187, 2.0
200188, 2.0
200202, 2.0
200687, 1.0
200689, 1.0
200704, 1.0
201189, 2.0
201191, 2.0
201205, 2.0
201691, 1.0
201692, 1.0
201706, 1.0
202192, 1.0
202193, 1.0
202194, 2.0
202208, 2.0
202693, 2.0
202694, 2.0
202696, 2.0
202710, 2.0
203195, 2.0
203196, 2.0
203197, 2.0
203212, 2.0
203697, 2.0
203699, 2.0
203714, 2.0
204199, 1.0
204200, 1.0
204201, 1.0
204216, 1.0
204701, 2.0
204703, 2.0
204717, 2.0
205202, 2.0
205204, 2.0
205219, 2.0
205703, 2.0
205704, 2.0
205706, 2.0
205720, 2.0
206205, 2.0
206206, 2.0
206208, 2.0
206221, 2.0
206707, 1.0
206708, 1.0
206709, 1.0
206723, 2.0
207208, 1.0
207209, 1.0
207211, 1.0
207224, 1.0
207709, 2.0
207711, 2.0
207712, 2.0
207726, 2.0
208211, 1.0
208213, 1.0
208214, 1.0
208228, 1.0
208713, 2.0
208714, 2.0
208716, 2.0
208730, 2.0
209214, 1.0
209215, 1.0
209217, 1.0
209232, 1.0
209716, 2.0
209717, 2.0
209719, 2.0
209733, 2.0
210217, 2.0
210218, 2.0
210220, 2.0
210235, 1.0
210719, 1.0
210720, 1.0
210722, 1.0
210736, 1.0
211220, 2.0
211222, 2.0
211223, 2.0
211238, 2.0
211721, 2.0
211724, 2.0
211739, 2.0
212223, 2.0
212226, 2.0
212241, 2.0
212725, 2.0
212727, 2.0
212728, 2.0
212742, 2.0
213226, 3.0
213228, 3.0
213229, 3.0
213244, 3.0
213727, 1.0
213729, 1.0
213730, 1.0
213745, 1.0
214228, 1.0
214230, 1.0
214231, 1.0
214247, 1.0
214730, 2.0
214732, 2.0
214733, 2.0
214749, 2.0
215231, 2.0
215234, 2.0
215251, 2.0
215733, 2.0
215735, 2.0
215736, 2.0
215753, 2.0
216235, 2.0
216236, 2.0
216238, 2.0
216254, 2.0
216736, 2.0
216738, 2.0
216740, 2.0
216756, 2.0
217237, 2.0
217239, 2.0
217242, 2.0
217258, 2.0
217739, 2.0
217741, 2.0
217744, 2.0
217759, 2.0
218240, 2.0
218242, 2.0
218245, 2.0
218261, 2.0
218742, 2.0
218743, 2.0
218747, 2.0
218762, 2.0
219244, 1.0
219245, 1.0
219249, 1.0
219263, 1.0
219745, 2.0
219747, 2.0
219750, 2.0
219765, 2.0
220247, 1.0
220249, 1.0
220251, 1.0
220267, 1.0
220748, 1.0
220750, 1.0
220752, 1.0
220769, 1.0
221250, 2.0
221251, 2.0
221254, 2.0
221270, 2.0
221752, 3.0
221753, 3.0
221756, 2.0
221772, 3.0
222254, 2.0
222257, 2.0
222274, 2.0
222756, 1.0
222758, 1.0
222775, 1.0
223257, 2.0
223260, 2.0
223276, 2.0
223759, 2.0
223761, 2.0
223778, 2.0
224260, 2.0
224261, 2.0
224263, 2.0
224279, 2.0
224762, 1.0
224765, 1.0
224781, 1.0
225264, 2.0
225267, 2.0
225283, 2.0
225765, 1.0
225766, 1.0
225768, 1.0
225785, 1.0
226266, 1.0
226268, 1.0
226270, 1.0
226286, 1.0
226767, 2.0
226769, 2.0
226772, 2.0
226788, 2.0
227269, 2.0
227271, 2.0
227273, 2.0
227290, 2.0
227771, 2.0
227773, 2.0
227775, 2.0
227792, 2.0
228273, 1.0
228274, 1.0
228277, 1.0
228294, 1.0
228775, 1.0
228776, 1.0
228779, 1.0
228796, 1.0
229277, 1.0
229278, 1.0
229281, 1.0
229298, 1.0
229778, 2.0
229779, 2.0
229783, 2.0
229799, 2.0
230279, 2.0
230281, 2.0
230284, 2.0
230300, 2.0
230781, 4.0
230782, 3.0
230786, 3.0
230802, 3.0
231282, 1.0
231283, 1.0
231287, 1.0
231303, 1.0
231784, 3.0
231785, 3.0
231789, 3.0
231804, 3.0
232285, 1.0
232287, 1.0
232290, 1.0
232306, 1.0
232787, 1.0
232789, 1.0
232792, 1.0
232807, 1.0
233289, 1.0
233290, 1.0
233293, 1.0
233309, 1.0
233791, 2.0
233792, 2.0
233795, 2.0
233811, 2.0
234292, 2.0
234293, 2.0
234297, 2.0
234313, 2.0
234794, 3.0
234795, 3.0
234798, 3.0
234814, 3.0
235296, 1.0
235299, 1.0
235316, 1.0
235797, 2.0
235798, 2.0
235801, 2.0
235817, 2.0
236299, 2.0
236300, 2.0
236302, 2.0
236319, 2.0
236800, 2.0
236801, 2.0
236804, 2.0
236820, 2.0
237302, 2.0
237303, 2.0
237306, 2.0
237322, 2.0
237803, 2.0
237804, 2.0
237808, 2.0
237823, 2.0
238305, 2.0
238306, 2.0
238310, 2.0
238325, 1.0
238806, 2.0
238807, 2.0
238811, 2.0
238826, 2.0
239308, 3.0
239309, 3.0
239313, 3.0
239327, 3.0
239810, 2.0
239815, 1.0
239829, 2.0
240312, 2.0
240316, 2.0
240330, 2.0
240814, 2.0
240817, 2.0
240832, 2.0
241316, 1.0
241319, 1.0
241333, 1.0
241817, 4.0
241818, 4.0
241820, 4.0
241835, 4.0
242319, 2.0
242321, 2.0
242336, 2.0
242821, 3.0
242823, 3.0
242837, 4.0
243322, 3.0
243325, 3.0
243339, 3.0
243823, 2.0
243824, 2.0
243826, 1.0
243841, 1.0
244325, 2.0
244327, 2.0
244343, 3.0
244827, 2.0
244829, 2.0
244845, 2.0
245328, 2.0
245329, 2.0
245330, 2.0
245347, 2.0
245830, 2.0
245831, 1.0
245832, 1.0
245848, 2.0
246331, 3.0
246333, 3.5
246349, 4.0
246833, 2.0
246834, 2.0
246835, 2.0
246850, 2.0
247334, 2.0
247336, 2.0
247351, 2.0
247836, 2.0
247838, 2.0
247853, 2.0
248337, 2.0
248339, 2.0
248340, 2.0
248355, 2.0
248840, 1.0
248841, 1.0
248857, 1.0
249342, 2.0
249343, 2.0
249359, 2.0
249843, 2.0
249844, 2.0
249845, 2.0
249860, 2.0
250345, 2.0
250347, 2.0
250361, 2.0
250846, 1.0
250849, 1.0
250863, 1.0
251347, 2.0
251348, 2.0
251350, 2.0
251365, 2.0
251848, 2.0
251850, 2.0
251852, 2.0
251867, 2.0
252350, 2.0
252352, 2.0
252354, 2.0
252368, 2.0
252852, 2.0
252853, 2.0
252856, 2.0
252870, 2.0
253353, 2.0
253354, 2.0
253358, 2.0
253371, 2.0
253855, 2.0
253859, 2.0
253873, 1.0
254356, 2.0
254357, 2.0
254361, 2.0
254374, 2.0
254858, 2.0
254863, 2.0
254876, 2.0
255360, 2.0
255365, 2.0
255378, 2.0
255862, 2.0
255863, 2.0
255867, 2.0
255880, 2.0
256363, 1.0
256365, 1.0
256368, 1.0
256381, 1.0
256865, 2.0
256866, 2.0
256869, 2.0
256883, 2.0
257367, 1.0
257370, 1.0
257384, 1.0
257868, 2.0
257869, 2.0
257872, 2.0
257886, 2.0
258369, 1.0
258370, 1.0
258373, 1.0
258387, 1.0
258871, 2.0
258872, 2.0
258875, 2.0
258888, 2.0
259373, 2.0
259374, 2.0
259376, 2.0
259389, 2.0
259875, 2.0
259876, 2.0
259878, 2.0
259891, 2.0
260377, 2.0
260378, 2.0
260380, 2.0
260393, 2.0
260878, 3.0
260880, 3.0
260882, 3.0
260895, 3.0
261380, 3.0
261381, 3.0
261383, 3.0
261396, 3.0
261881, 2.0
261883, 2.0
261885, 2.0
261898, 2.0
262383, 2.0
262384, 2.0
262387, 2.0
262399, 2.0
262884, 2.0
262886, 2.0
262888, 2.0
262900, 2.0
263386, 2.0
263388, 2.0
263389, 2.0
263402, 2.0
263887, 2.0
263889, 2.0
263891, 2.0
263903, 2.0
264389, 2.0
264391, 2.0
264393, 2.0
264405, 2.0
264890, 2.0
264892, 2.0
264895, 2.0
264906, 2.0
265391, 2.0
265393, 2.0
265396, 3.0
265408, 2.0
265893, 2.0
265895, 2.0
265898, 2.0
265910, 2.0
266395, 2.0
266397, 2.0
266399, 2.0
266412, 2.0
266897, 2.0
266898, 2.0
266901, 2.0
266913, 2.0
267398, 1.0
267400, 1.0
267403, 1.0
267415, 1.0
267900, 2.0
267901, 2.0
267905, 2.0
267916, 2.0
268402, 2.0
268403, 2.0
268406, 2.0
268418, 2.0
268904, 2.0
268907, 2.0
268920, 2.0
269406, 2.0
269408, 2.0
269421, 2.0
269907, 2.0
269910, 2.0
269922, 2.0
270409, 2.0
270411, 2.0
270424, 2.0
270910, 2.0
270911, 2.0
270913, 2.0
270926, 2.0
271412, 3.0
271413, 3.0
271415, 3.0
271428, 3.0
271914, 3.0
271916, 2.0
271929, 2.0
272415, 2.0
272416, 2.0
272418, 2.0
272431, 2.0
272917, 3.0
272918, 3.0
272919, 3.0
272933, 3.0
273418, 2.0
273420, 2.0
273421, 2.0
273435, 2.0
273920, 1.0
273922, 1.0
273936, 1.0
274421, 2.0
274423, 2.0
274424, 2.0
274437, 2.0
274922, 2.0
274924, 2.0
274925, 2.0
274939, 2.0
275424, 2.0
275426, 2.0
275427, 2.0
275441, 2.0
275926, 2.0
275928, 2.0
275929, 2.0
275943, 2.0
276427, 3.0
276430, 3.0
276444, 3.0
276929, 2.0
276932, 2.0
276946, 2.0
277430, 2.0
277433, 2.0
277434, 2.0
277448, 2.0
277932, 1.0
277934, 1.0
277936, 1.0
277950, 1.0
278433, 2.0
278435, 2.0
278438, 2.0
278452, 2.0
278934, 2.0
278937, 2.0
278939, 2.0
278954, 2.0
279436, 1.0
279438, 1.0
279441, 1.0
279455, 1.0
279938, 2.0
279940, 2.0
279943, 2.0
279957, 2.0
280439, 2.0
280442, 2.0
280444, 2.0
280458, 2.0
280941, 2.0
280944, 2.0
280946, 2.0
280959, 2.0
281442, 2.0
281446, 2.0
281447, 2.0
281461, 2.0
281944, 1.0
281947, 1.0
281949, 1.0
281962, 1.0
282445, 2.0
282449, 2.0
282451, 2.0
282464, 2.0
282947, 2.0
282950, 2.0
282953, 2.0
282965, 2.0
283449, 2.0
283451, 2.0
283454, 2.0
283467, 2.0
283951, 2.0
283953, 2.0
283956, 2.0
283968, 2.0
284452, 2.0
284455, 2.0
284457, 2.0
284470, 2.0
284954, 2.0
284957, 2.0
284959, 2.0
284971, 2.0
285456, 1.0
285459, 1.0
285461, 1.0
285473, 1.0
285957, 2.0
285961, 2.0
285963, 2.0
285975, 2.0
286459, 1.0
286463, 1.0
286464, 1.0
286476, 2.0
286960, 2.0
286964, 2.0
286966, 2.0
286977, 2.0
287462, 1.0
287466, 1.0
287467, 1.0
287479, 1.0
287964, 2.0
287967, 2.0
287969, 2.0
287981, 2.0
288466, 2.0
288469, 2.0
288470, 2.0
288482, 2.0
288968, 2.0
288971, 2.0
288972, 2.0
288984, 2.0
289470, 2.0
289472, 2.0
289474, 2.0
289485, 2.0
289972, 2.0
289974, 2.0
289975, 2.0
289986, 1.0
290473, 1.0
290475, 1.0
290477, 1.0
290488, 1.0
290975, 4.0
290977, 4.0
290978, 4.0
290989, 4.0
291477, 1.0
291479, 1.0
291491, 1.0
291979, 2.0
291981, 2.0
291992, 2.0
292481, 2.0
292482, 2.0
292493, 2.0
292983, 1.0
292984, 1.0
292995, 1.0
293484, 2.0
293486, 2.0
293497, 2.0
293985, 1.0
293986, 1.0
293987, 1.0
293998, 1.0
294487, 1.0
294489, 1.0
294500, 1.0
294989, 2.0
294990, 2.0
295001, 2.0
295490, 2.0
295492, 2.0
295502, 2.0
295991, 1.0
295994, 1.0
296004, 1.0
296492, 2.0
296493, 2.0
296495, 2.0
296505, 2.0
296994, 2.0
296995, 2.0
296997, 2.0
297007, 2.0
297496, 2.0
297497, 2.0
297498, 2.0
297508, 2.0
297998, 2.0
297999, 2.0
298010, 2.0
298500, 1.0
298501, 1.0
298512, 1.0
299001, 1.0
299002, 1.0
299013, 1.0
299502, 2.0
299503, 2.0
299515, 2.0
300004, 2.0
300005, 2.0
300016, 2.0
300505, 1.0
300506, 1.0
300507, 1.0
300517, 1.0
301007, 2.0
301009, 2.0
301019, 2.0
301508, 2.0
301509, 2.0
301511, 2.0
301520, 2.0
302010, 2.0
302012, 2.0
302022, 2.0
302511, 2.0
302512, 2.0
302513, 2.0
302524, 2.0
303012, 3.0
303014, 3.0
303015, 3.0
303025, 3.0
303514, 2.0
303515, 2.0
303516, 2.0
303527, 2.0
304015, 2.0
304017, 2.0
304028, 2.0
304517, 1.0
304519, 1.0
304530, 1.0
305018, 2.0
305020, 2.0
305021, 2.0
305031, 2.0
305519, 2.0
305522, 2.0
305523, 2.0
305533, 2.0
306021, 2.0
306023, 2.0
306025, 2.0
306035, 2.0
306522, 2.0
306524, 2.0
306526, 2.0
306536, 2.0
307024, 2.0
307026, 2.0
307027, 2.0
307037, 2.0
307525, 1.0
307528, 1.0
307529, 1.0
307539, 1.0
308026, 2.0
308030, 2.0
308041, 2.0
308528, 2.0
308531, 2.0
308542, 2.0
309029, 1.0
309032, 1.0
309033, 1.0
309044, 2.0
309530, 2.0
309534, 2.0
309535, 2.0
309545, 2.0
310032, 2.0
310036, 2.0
310047, 2.0
310533, 1.0
310537, 1.0
310538, 1.0
310548, 1.0
311035, 2.0
311039, 2.0
311040, 2.0
311050, 2.0
311537, 2.0
311540, 2.0
311541, 2.0
311552, 2.0
312038, 2.0
312041, 2.0
312043, 2.0
312053, 2.0
312540, 2.0
312543, 2.0
312544, 2.0
312555, 2.0
313041, 2.0
313045, 2.0
313046, 2.0
313057, 2.0
313543, 2.0
313546, 2.0
313547, 2.0
313558, 2.0
314044, 2.0
314047, 1.0
314049, 1.0
314059, 2.0
314545, 2.0
314549, 2.0
314551, 2.0
314561, 2.0
315047, 2.0
315051, 2.0
315052, 2.0
315062, 2.0
315549, 2.0
315553, 2.0
315564, 2.0
316050, 2.0
316054, 2.0
316065, 2.0
316551, 2.0
316556, 2.0
316566, 2.0
317053, 3.0
317058, 3.0
317068, 4.0
317554, 2.0
317559, 2.0
317560, 2.0
317570, 2.0
318056, 2.0
318061, 2.0
318071, 2.0
318557, 2.0
318562, 2.0
318563, 2.0
318572, 2.0
319059, 2.0
319063, 2.0
319065, 2.0
319074, 2.0
319561, 1.0
319564, 1.0
319567, 2.0
319575, 2.0
320062, 2.0
320066, 2.0
320068, 2.0
320077, 2.0
320564, 2.0
320567, 2.0
320569, 2.0
320578, 2.0
321066, 1.0
321069, 1.0
321071, 1.0
321080, 1.0
321567, 2.0
321571, 2.0
321573, 2.0
321581, 2.0
322069, 2.0
322073, 2.0
322075, 2.0
322082, 2.0
322571, 2.0
322574, 2.0
322577, 2.0
322584, 2.0
323072, 1.0
323076, 1.0
323079, 1.0
323085, 1.0
323573, 2.0
323577, 2.0
323580, 2.0
323587, 2.0
324075, 2.0
324078, 2.0
324082, 2.0
324088, 2.0
324577, 2.0
324580, 2.0
324583, 2.0
324589, 2.0
325078, 2.0
325081, 2.0
325085, 2.0
325091, 2.0
325580, 1.0
325583, 1.0
325587, 1.0
325593, 1.0
326081, 2.0
326084, 2.0
326088, 2.0
326094, 2.0
326583, 3.0
326586, 3.0
326589, 3.0
326595, 3.0
327085, 2.0
327087, 2.0
327091, 2.0
327096, 2.0
327587, 2.0
327588, 2.0
327592, 2.0
327598, 2.0
328089, 1.0
328090, 2.0
328093, 2.0
328099, 1.0
328590, 1.0
328591, 1.0
328594, 1.0
328601, 1.0
329092, 2.0
329093, 2.0
329096, 2.0
329103, 2.0
329593, 1.0
329594, 1.0
329597, 1.0
329604, 1.0
330095, 2.0
330096, 2.0
330099, 2.0
330105, 2.0
330596, 2.0
330598, 2.0
330600, 2.0
330607, 2.0
331098, 2.0
331099, 2.0
331102, 2.0
331108, 2.0
331600, 2.0
331603, 2.0
331609, 2.0
332101, 2.0
332102, 2.0
332105, 2.0
332111, 2.0
332603, 2.0
332607, 2.0
332612, 2.0
333105, 2.0
333109, 2.0
333115, 2.0
333606, 4.0
333607, 4.0
333610, 4.0
333617, 4.0
334108, 1.0
334111, 2.0
334118, 2.0
334609, 2.0
334610, 2.0
334613, 1.0
334619, 1.0
335111, 2.0
335112, 2.0
335115, 2.0
335121, 2.0
335612, 2.0
335613, 2.0
335617, 2.0
335622, 2.0
336113, 2.0
336115, 2.0
336118, 1.0
336124, 2.0
336614, 3.0
336616, 3.0
336620, 3.0
336625, 3.0
337116, 2.0
337118, 2.0
337121, 2.0
337127, 2.0
337618, 2.0
337619, 2.0
337623, 2.0
337629, 2.0
338120, 2.0
338125, 2.0
338130, 2.0
338622, 2.0
338626, 2.0
338631, 2.0
339123, 2.0
339124, 2.0
339128, 2.0
339132, 2.0
339625, 1.0
339630, 1.0
339634, 1.0
340127, 2.0
340131, 2.0
340135, 2.0
340628, 2.0
340629, 2.0
340632, 2.0
340637, 2.0
341130, 2.0
341134, 2.0
341139, 2.0
341632, 2.0
341636, 2.0
341641, 2.0
342133, 1.0
342134, 1.0
342137, 1.0
342143, 1.0
342635, 2.0
342639, 2.0
342644, 2.0
343136, 1.0
343137, 1.0
343141, 1.0
343146, 1.0
343638, 1.0
343639, 1.0
343642, 1.0
343647, 1.0
344140, 2.0
344143, 2.0
344148, 2.0
344641, 2.0
344642, 2.0
344645, 2.0
344650, 2.0
345143, 2.0
345146, 2.0
345152, 2.0
345644, 2.0
345645, 2.0
345647, 2.0
345653, 2.0
346146, 2.0
346147, 2.0
346149, 2.0
346155, 2.0
346647, 3.0
346649, 3.0
346650, 3.0
346656, 3.0
347149, 2.0
347150, 2.0
347151, 2.0
347158, 2.0
347651, 2.0
347652, 2.0
347653, 2.0
347660, 2.0
348153, 2.0
348155, 2.0
348161, 2.0
348654, 2.0
348655, 2.0
348657, 2.0
348663, 2.0
349156, 2.0
349158, 2.0
349165, 2.0
349657, 2.0
349658, 2.0
349659, 2.0
349667, 2.0
350158, 1.0
350160, 1.0
350161, 1.0
350168, 1.0
350660, 2.0
350661, 2.0
350663, 2.0
350669, 2.0
351162, 4.0
351164, 4.0
351171, 4.0
351663, 2.0
351664, 2.0
351665, 2.0
351672, 2.0
352164, 1.0
352165, 1.0
352167, 2.0
352173, 2.0
352666, 2.0
352667, 2.0
352669, 2.0
352675, 2.0
353167, 1.0
353169, 1.0
353170, 1.0
353176, 1.0
353668, 2.0
353670, 2.0
353672, 2.0
353677, 2.0
354169, 2.0
354171, 2.0
354174, 2.0
354179, 2.0
354670, 4.0
354673, 4.0
354676, 4.0
354680, 4.0
355172, 2.0
355174, 2.0
355177, 2.0
355182, 2.0
355673, 2.0
355676, 2.0
355679, 2.0
355684, 2.0
356174, 2.0
356177, 2.0
356180, 2.0
356185, 2.0
356676, 2.0
356679, 2.0
356681, 2.0
356686, 2.0
357177, 2.0
357181, 2.0
357183, 2.0
357188, 2.0
357678, 2.0
357683, 2.0
357685, 2.0
357689, 2.0
358180, 2.0
358185, 2.0
358186, 2.0
358190, 2.0
358681, 2.0
358686, 2.0
358687, 2.0
358692, 2.0
359183, 2.0
359187, 2.0
359189, 2.0
359194, 2.0
359684, 2.0
359689, 2.0
359690, 2.0
359695, 2.0
360185, 2.0
360191, 2.0
360192, 2.0
360197, 2.0
360686, 1.0
360693, 1.0
360699, 1.0
361188, 2.0
361194, 2.0
361201, 2.0
361689, 5.0
361695, 5.0
361696, 5.0
361702, 5.0
362190, 2.0
362197, 2.0
362204, 2.0
362693, 2.0
362698, 2.0
362699, 2.0
362706, 2.0
363194, 2.0
363200, 2.0
363207, 2.0
363695, 2.0
363701, 2.0
363702, 2.0
363708, 2.0
364197, 1.0
364203, 1.0
364209, 2.0
364699, 2.0
364704, 2.0
364705, 2.0
364711, 2.0
365201, 2.0
365206, 2.0
365213, 2.0
365702, 2.0
365707, 2.0
365714, 2.0
366204, 2.0
366209, 2.0
366215, 2.0
366706, 2.0
366710, 2.0
366711, 2.0
366717, 2.0
367208, 1.0
367211, 2.0
367213, 2.0
367218, 2.0
367710, 2.0
367713, 2.0
367715, 2.0
367719, 2.0
368212, 2.0
368215, 2.0
368216, 2.0
368221, 2.0
368714, 2.0
368717, 2.0
368718, 2.0
368722, 2.0
369215, 2.0
369218, 2.0
369219, 2.0
369223, 2.0
369717, 2.0
369720, 2.0
369725, 2.0
370218, 2.0
370221, 2.0
370222, 2.0
370226, 1.0
370720, 1.0
370722, 1.0
370724, 1.0
370728, 1.0
371222, 1.0
371223, 1.0
371226, 1.0
371229, 1.0
371723, 2.0
371725, 2.0
371727, 2.0
371731, 2.0
372225, 2.0
372227, 2.0
372228, 2.0
372233, 2.0
372726, 1.0
372729, 1.0
372730, 1.0
372735, 1.0
373228, 2.0
373231, 2.0
373232, 2.0
373237, 2.0
373729, 2.0
373732, 2.0
373734, 2.0
373738, 2.0
374231, 2.0
374234, 2.0
374235, 2.0
374240, 2.0
374733, 1.0
374735, 1.0
374737, 1.0
374742, 1.0
375234, 2.0
375237, 2.0
375238, 2.0
375244, 2.0
375736, 2.0
375739, 2.0
375745, 2.0
376237, 2.0
376240, 2.0
376241, 2.0
376247, 2.0
376738, 2.0
376742, 3.0
376743, 3.0
376749, 2.0
377240, 2.0
377244, 2.0
377250, 2.0
377742, 2.0
377745, 2.0
377752, 2.0
378244, 2.0
378246, 2.0
378247, 2.0
378253, 2.0
378746, 1.0
378748, 1.0
378755, 1.0
379247, 2.0
379250, 2.0
379256, 2.0
379749, 1.0
379751, 1.0
379752, 1.0
379758, 1.0
380250, 1.0
380253, 1.0
380254, 1.0
380260, 1.0
380752, 2.0
380754, 2.0
380756, 2.0
380761, 2.0
381254, 2.0
381256, 2.0
381258, 2.0
381263, 2.0
381755, 6.0
381758, 6.0
381759, 6.0
381765, 6.0
382257, 2.0
382259, 2.0
382261, 2.0
382267, 2.0
382758, 1.0
382761, 1.0
382762, 1.0
382769, 1.0
383259, 2.0
383262, 2.0
383263, 2.0
383270, 2.0
383761, 1.0
383764, 1.0
383765, 1.0
383771, 1.0
384262, 1.0
384265, 1.0
384267, 1.0
384273, 1.0
384764, 2.0
384767, 2.0
384769, 2.0
384775, 2.0
385265, 2.0
385269, 2.0
385270, 2.0
385277, 2.0
385767, 2.0
385771, 2.0
385779, 2.0
386268, 2.0
386273, 2.0
386280, 2.0
386770, 2.0
386774, 2.0
386782, 2.0
387271, 2.0
387276, 2.0
387284, 2.0
387773, 2.0
387777, 2.0
387778, 2.0
387785, 2.0
388275, 2.0
388279, 2.0
388286, 2.0
388777, 2.0
388780, 2.0
388781, 2.0
388788, 2.0
389278, 2.0
389282, 2.0
389289, 2.0
389780, 1.0
389783, 1.0
389784, 1.0
389790, 1.0
390282, 1.0
390285, 1.0
390286, 1.0
390292, 1.0
390783, 2.0
390786, 2.0
390787, 2.0
390794, 2.0
391285, 1.0
391287, 1.0
391289, 1.0
391296, 1.0
391787, 2.0
391789, 2.0
391791, 2.0
391797, 2.0
392289, 1.0
392291, 1.0
392292, 1.0
392298, 1.0
392791, 2.0
392793, 2.0
392794, 2.0
392799, 2.0
393292, 3.0
393294, 3.0
393296, 3.0
393300, 3.0
393793, 2.0
393795, 2.0
393798, 2.0
393801, 2.0
394294, 2.0
394296, 2.0
394299, 2.0
394302, 2.0
394796, 2.0
394798, 2.0
394801, 2.0
394804, 2.0
395297, 3.0
395300, 3.0
395302, 3.0
395305, 3.0
395799, 2.0
395802, 2.0
395804, 2.0
395806, 2.0
396300, 2.0
396304, 2.0
396305, 2.0
396308, 2.0
396801, 2.0
396806, 2.0
396807, 2.0
396809, 2.0
397303, 2.0
397308, 1.0
397310, 1.0
397804, 2.0
397809, 2.0
397810, 2.0
397812, 2.0
398306, 2.0
398311, 2.0
398312, 2.0
398313, 2.0
398807, 2.0
398812, 2.0
398814, 2.0
398815, 2.0
399308, 2.0
399314, 2.0
399315, 1.0
399316, 1.0
399810, 2.0
399816, 2.0
399817, 2.0
399818, 2.0
400312, 2.0
400317, 2.0
400318, 2.0
400319, 2.0
400813, 2.0
400819, 2.0
400820, 2.0
400821, 2.0
401315, 2.0
401320, 2.0
401321, 2.0
401322, 2.0
401816, 2.0
401822, 2.0
401823, 2.0
401824, 2.0
402318, 2.0
402323, 2.0
402324, 2.0
402325, 2.0
402820, 1.0
402825, 1.0
402827, 1.0
403322, 1.0
403326, 1.0
403327, 1.0
403329, 1.0
403823, 2.0
403828, 2.0
403830, 2.0
404325, 2.0
404329, 2.0
404330, 2.0
404332, 1.0
404827, 2.0
404831, 2.0
404832, 2.0
404834, 2.0
405328, 1.0
405332, 1.0
405334, 1.0
405335, 1.0
405830, 2.0
405833, 2.0
405836, 2.0
405837, 2.0
406332, 2.0
406335, 2.0
406337, 2.0
406339, 2.0
406834, 3.0
406837, 2.0
406839, 2.0
406841, 2.0
407336, 2.0
407338, 2.0
407341, 2.0
407343, 2.0
407837, 2.0
407840, 2.0
407843, 2.0
407845, 2.0
408339, 1.0
408341, 1.0
408345, 1.0
408346, 1.0
408841, 2.0
408842, 2.0
408847, 1.0
408848, 1.0
409343, 2.0
409344, 2.0
409349, 2.0
409350, 2.0
409844, 1.0
409845, 1.0
409850, 1.0
409852, 1.0
410346, 1.0
410347, 1.0
410351, 2.0
410353, 2.0
410847, 2.0
410848, 2.0
410853, 2.0
410855, 2.0
411349, 4.0
411350, 4.0
411355, 4.0
411357, 4.0
411851, 2.0
411856, 2.0
411858, 2.0
412352, 2.0
412353, 2.0
412358, 2.0
412360, 2.0
412853, 2.0
412855, 2.0
412860, 2.0
412862, 2.0
413355, 1.0
413356, 1.0
413362, 1.0
413364, 1.0
413857, 2.0
413863, 2.0
413865, 2.0
414358, 2.0
414359, 2.0
414364, 2.0
414367, 2.0
414860, 2.0
414861, 2.0
414866, 2.0
414868, 2.0
415361, 2.0
415363, 2.0
415367, 2.0
415370, 2.0
415863, 2.0
415864, 2.0
415868, 2.0
415871, 2.0
416365, 2.0
416366, 2.0
416369, 2.0
416373, 2.0
416866, 3.0
416868, 3.0
416871, 3.0
416875, 3.0
417367, 1.0
417370, 1.0
417373, 1.0
417376, 2.0
417868, 2.0
417872, 2.0
417874, 2.0
417878, 2.0
418370, 2.0
418373, 2.0
418375, 2.0
418380, 2.0
418872, 2.0
418874, 2.0
418876, 2.0
418882, 2.0
419373, 2.0
419376, 2.0
419378, 2.0
419383, 1.0
419875, 2.0
419877, 2.0
419879, 2.0
419885, 2.0
420377, 2.0
420379, 2.0
420380, 2.0
420386, 2.0
420879, 2.0
420880, 2.0
420882, 2.0
420888, 2.0
421380, 2.0
421381, 2.0
421384, 2.0
421389, 2.0
421882, 3.0
421885, 3.0
421891, 3.0
422383, 2.0
422384, 2.0
422386, 2.0
422392, 2.0
422885, 2.0
422886, 2.0
422888, 2.0
422894, 2.0
423386, 3.0
423387, 3.0
423389, 3.0
423396, 3.0
423888, 2.0
423889, 2.0
423891, 2.0
423898, 2.0
424390, 2.0
424391, 2.0
424392, 2.0
424399, 2.0
424891, 2.0
424892, 2.0
424893, 2.0
424900, 2.0
425392, 1.0
425393, 1.0
425395, 1.0
425402, 1.0
425893, 1.0
425895, 1.0
425896, 1.0
425904, 1.0
426395, 2.0
426397, 2.0
426405, 2.0
426897, 1.0
426899, 1.0
426907, 1.0
427399, 1.0
427400, 1.0
427401, 1.0
427409, 2.0
427900, 2.0
427902, 2.0
427911, 2.0
428401, 2.0
428403, 2.0
428404, 2.0
428412, 2.0
428903, 2.0
428904, 2.0
428905, 2.0
428914, 1.0
429404, 2.0
429406, 2.0
429407, 2.0
429415, 2.0
429906, 1.0
429907, 1.0
429909, 1.0
429917, 1.0
430407, 2.0
430409, 2.0
430411, 2.0
430418, 2.0
430909, 1.0
430911, 1.0
430912, 1.0
430920, 1.0
431411, 2.0
431413, 2.0
431414, 2.0
431421, 2.0
431912, 2.0
431914, 2.0
431916, 2.0
431922, 2.0
432414, 2.0
432415, 2.0
432418, 2.0
432424, 2.0
432916, 2.0
432917, 2.0
432920, 2.0
432925, 2.0
433417, 1.0
433419, 1.0
433422, 1.0
433427, 1.0
433919, 2.0
433920, 2.0
433924, 2.0
433929, 2.0
434421, 2.0
434422, 2.0
434425, 2.0
434430, 2.0
434923, 2.0
434927, 2.0
434932, 2.0
435424, 1.0
435425, 1.0
435429, 1.0
435434, 2.0
435926, 2.0
435927, 2.0
435931, 2.0
435935, 2.0
436427, 2.0
436429, 2.0
436433, 2.0
436437, 2.0
436928, 2.0
436930, 2.0
436934, 2.0
436939, 2.0
437430, 1.0
437432, 1.0
437435, 1.0
437441, 1.0
437932, 1.0
437933, 1.0
437937, 1.0
437943, 1.0
438433, 2.0
438435, 2.0
438439, 2.0
438444, 2.0
438935, 2.0
438936, 2.0
438941, 2.0
438945, 2.0
439436, 2.0
439437, 2.0
439442, 2.0
439447, 2.0
439938, 2.0
439939, 2.0
439944, 2.0
439949, 2.0
440439, 2.0
440440, 2.0
440446, 2.0
440450, 1.0
440941, 2.0
440948, 2.0
440951, 2.0
441442, 2.0
441443, 2.0
441450, 2.0
441452, 2.0
441943, 1.0
441944, 1.0
441951, 1.0
441954, 1.0
442445, 2.0
442446, 2.0
442453, 2.0
442455, 2.0
442946, 2.0
442947, 2.0
442954, 2.0
442957, 2.0
443448, 2.0
443456, 2.0
443458, 2.0
443949, 3.0
443950, 3.0
443958, 3.0
443959, 3.0
444451, 1.0
444452, 1.0
444459, 1.0
444461, 1.0
444952, 2.0
444954, 2.0
444961, 2.0
444962, 2.0
445454, 2.0
445455, 2.0
445462, 2.0
445464, 2.0
445955, 2.0
445956, 2.0
445964, 2.0
445966, 2.0
446456, 1.0
446457, 1.0
446466, 1.0
446467, 1.0
446957, 2.0
446959, 2.0
446967, 2.0
446969, 2.0
447459, 1.0
447460, 1.0
447469, 2.0
447470, 2.0
447961, 1.0
447962, 1.0
447970, 1.0
447971, 1.0
448463, 1.0
448464, 1.0
448471, 1.0
448473, 1.0
448965, 3.0
448973, 3.0
448974, 3.0
449467, 2.0
449474, 2.0
449475, 2.0
449968, 2.0
449969, 2.0
449976, 2.0
449977, 2.0
450469, 2.0
450470, 2.0
450477, 2.0
450478, 2.0
450971, 2.0
450972, 2.0
450979, 2.0
451473, 2.0
451474, 2.0
451480, 2.0
451974, 2.0
451975, 2.0
451981, 2.0
452476, 2.0
452477, 2.0
452483, 2.0
452978, 1.0
452984, 1.0
453479, 3.0
453480, 3.0
453486, 3.0
453980, 2.0
453981, 2.0
453987, 2.0
454482, 2.0
454483, 2.0
454488, 2.0
454489, 2.0
454984, 2.0
454985, 2.0
454989, 2.0
454990, 2.0
455486, 2.0
455491, 2.0
455987, 2.0
455988, 2.0
455993, 2.0
456489, 2.0
456494, 2.0
456495, 2.0
456991, 2.0
456995, 2.0
456996, 2.0
457492, 1.0
457493, 1.0
457498, 1.0
457994, 3.0
457999, 3.0
458000, 3.0
458495, 1.0
458496, 1.0
458500, 1.0
458502, 1.0
458997, 2.0
459002, 2.0
459004, 2.0
459498, 2.0
459499, 2.0
459503, 2.0
459505, 2.0
460000, 1.0
460001, 1.0
460005, 1.0
460007, 1.0
460502, 2.0
460503, 2.0
460506, 2.0
460508, 2.0
461003, 2.0
461004, 2.0
461008, 2.0
461010, 2.0
461505, 2.0
461506, 2.0
461509, 2.0
461512, 2.0
462007, 2.0
462008, 2.0
462011, 2.0
462013, 2.0
462509, 1.0
462510, 1.0
462512, 1.0
462514, 1.0
463010, 2.0
463012, 2.0
463014, 2.0
463016, 2.0
463511, 2.0
463514, 2.0
463516, 2.0
463517, 2.0
464012, 2.0
464016, 2.0
464017, 2.0
464019, 2.0
464514, 2.0
464517, 2.0
464519, 2.0
464520, 2.0
465015, 2.0
465019, 2.0
465021, 2.0
465517, 2.0
465521, 2.0
465522, 2.0
465523, 2.0
466019, 1.0
466023, 1.0
466024, 1.0
466025, 1.0
466521, 2.0
466524, 2.0
466525, 2.0
466526, 2.0
467022, 1.0
467026, 1.0
467027, 1.0
467524, 2.0
467528, 2.0
468025, 2.0
468029, 2.0
468030, 2.0
468526, 2.0
468530, 2.0
468531, 2.0
469028, 1.0
469032, 1.0
469033, 1.0
469529, 2.0
469533, 2.0
469534, 2.0
470031, 3.0
470034, 3.0
470035, 3.0
470532, 4.0
470536, 4.0
470537, 4.0
471034, 2.0
471037, 2.0
471038, 2.0
471536, 5.0
471539, 5.0
471540, 5.0
472037, 1.0
472041, 1.3333333333333333
472538, 2.0
472542, 2.0
473040, 2.0
473044, 2.0
473542, 2.0
473545, 2.0
473546, 2.0
474043, 2.0
474047, 2.0
474544, 1.0
474549, 1.0
475047, 2.0
475051, 2.0
475548, 4.0
475552, 4.0
475553, 4.0
476049, 2.0
476054, 2.0
476055, 2.0
476551, 2.0
476555, 2.0
476556, 2.0
477052, 1.0
477057, 1.0
477554, 2.0
477558, 2.0
477559, 2.0
478055, 2.0
478060, 2.0
478557, 2.0
478561, 2.0
478562, 2.0
479059, 1.0
479063, 1.0
479064, 1.0
479561, 2.0
479564, 2.0
479565, 2.0
480062, 2.0
480065, 2.0
480066, 2.0
480067, 2.0
480564, 1.0
480567, 1.0
480568, 1.0
481065, 2.0
481068, 2.0
481069, 2.0
481567, 2.0
481570, 2.0
481571, 2.0
482068, 5.0
482071, 5.0
482072, 5.0
482570, 2.0
482573, 2.0
482574, 2.0
483071, 1.0
483074, 1.0
483076, 1.0
483573, 3.0
483576, 3.0
483577, 3.0
484074, 2.0
484077, 2.0
484079, 2.0
484575, 2.0
484579, 2.0
484581, 2.0
485077, 2.0
485080, 2.0
485081, 2.0
485083, 2.0
485579, 2.0
485581, 2.0
485583, 2.0
485584, 2.0
486080, 2.0
486083, 2.0
486084, 2.0
486086, 2.0
486581, 2.0
486585, 2.0
486587, 2.0
487084, 2.0
487087, 2.0
487089, 2.0
487585, 2.0
487588, 2.0
487591, 2.0
488086, 2.0
488089, 2.0
488090, 2.0
488092, 2.0
488588, 2.0
488590, 1.0
488592, 1.0
488594, 1.0
489090, 1.0
489092, 1.0
489093, 1.0
489095, 2.0
489592, 2.0
489594, 2.0
489597, 2.0
490093, 2.0
490095, 2.0
490096, 2.0
490099, 2.0
490595, 2.0
490596, 2.0
490597, 2.0
490601, 2.0
491096, 3.0
491098, 3.0
491099, 3.0
491102, 3.0
491597, 1.0
491599, 1.0
491601, 1.0
491603, 1.0
492098, 2.0
492100, 2.0
492102, 2.0
492105, 2.0
492600, 2.0
492602, 2.0
492603, 2.0
492607, 2.0
493101, 2.0
493103, 2.0
493105, 2.0
493109, 2.0
493603, 2.0
493604, 2.0
493607, 2.0
493611, 2.0
494104, 2.0
494106, 2.0
494108, 2.0
494113, 2.0
494606, 2.0
494608, 2.0
494609, 2.0
494614, 2.0
495107, 2.0
495110, 2.0
495111, 2.0
495115, 2.0
495609, 2.0
495611, 2.0
495612, 2.0
495616, 2.0
496111, 2.0
496113, 2.0
496118, 2.0
496613, 2.0
496614, 1.0
496615, 1.0
496620, 1.0
497114, 2.0
497115, 2.0
497117, 2.0
497121, 2.0
497615, 1.0
497617, 1.0
497619, 1.0
497623, 1.0
498116, 2.0
498118, 2.0
498120, 2.0
498125, 2.0
498617, 2.0
498620, 2.0
498622, 2.0
498627, 2.0
499118, 2.0
499122, 2.0
499123, 2.0
499128, 2.0
499620, 1.0
499624, 1.0
499625, 1.0
499630, 1.0
500122, 2.0
500125, 2.0
500126, 2.0
500132, 2.0
500623, 2.0
500626, 1.0
500628, 1.0
500633, 2.0
501125, 2.0
501128, 2.0
501129, 2.0
501134, 2.0
501627, 2.0
501630, 2.0
501631, 2.0
501636, 2.0
502128, 1.0
502132, 1.0
502137, 1.0
502629, 2.0
502633, 2.0
502634, 2.0
502638, 2.0
503131, 2.0
503135, 1.0
503136, 1.0
503140, 1.0
503632, 1.0
503637, 2.0
503642, 2.0
504134, 1.0
504139, 1.0
504143, 1.0
504636, 2.0
504641, 2.0
504645, 2.0
505137, 2.0
505142, 2.0
505143, 2.0
505147, 2.0
505639, 1.0
505644, 1.0
505649, 1.0
506141, 3.0
506145, 3.0
506146, 3.0
506150, 3.0
506642, 3.0
506647, 3.0
506648, 3.0
506652, 3.0
507144, 2.0
507149, 2.0
507154, 2.0
507645, 1.0
507650, 1.0
507651, 1.0
507656, 1.0
508147, 2.0
508151, 2.0
508152, 2.0
508157, 2.0
508648, 2.0
508653, 2.0
508654, 2.0
508658, 2.0
509149, 2.0
509154, 2.0
509155, 2.0
509160, 2.0
509651, 2.0
509656, 2.0
509657, 2.0
509662, 2.0
510153, 2.0
510157, 2.0
510158, 2.0
510163, 2.0
510654, 1.0
510659, 1.0
510660, 1.0
510665, 1.0
511156, 1.0
511161, 1.0
511162, 1.0
511167, 1.0
511657, 2.0
511662, 2.0
511663, 2.0
511669, 2.0
512158, 2.0
512165, 2.0
512170, 2.0
512660, 2.0
512666, 1.5
512671, 1.0
513161, 2.0
513168, 2.0
513173, 2.0
513662, 3.0
513669, 3.0
513675, 3.0
514164, 1.0
514170, 2.0
514177, 2.0
514665, 2.0
514672, 2.0
514679, 2.0
515167, 2.0
515173, 2.0
515174, 2.0
515180, 2.0
515669, 1.0
515674, 1.0
515675, 1.0
515682, 1.0
516170, 2.0
516175, 2.0
516177, 2.0
516184, 2.0
516671, 2.0
516677, 2.0
516679, 2.0
516686, 2.0
517173, 2.0
517178, 2.0
517180, 2.0
517188, 2.0
517675, 2.0
517680, 2.0
517682, 2.0
517690, 2.0
518177, 2.0
518182, 2.0
518184, 2.0
518191, 2.0
518678, 2.0
518683, 2.0
518686, 2.0
518693, 2.0
519180, 2.0
519185, 2.0
519187, 2.0
519194, 2.0
519682, 2.0
519687, 2.0
519689, 2.0
519695, 2.0
520183, 2.0
520189, 2.0
520190, 2.0
520196, 2.0
520684, 3.0
520690, 3.0
520691, 3.0
520698, 3.0
521185, 3.0
521191, 2.0
521193, 2.0
521200, 2.0
521687, 2.0
521693, 2.0
521694, 2.0
521701, 2.0
522189, 1.0
522194, 1.0
522195, 1.0
522203, 1.0
522690, 2.0
522696, 2.0
522697, 2.0
522704, 2.0
523192, 2.0
523198, 2.0
523199, 2.0
523205, 2.0
523693, 2.0
523699, 2.0
523700, 2.0
523706, 2.0
524195, 2.0
524201, 2.0
524208, 2.0
524697, 2.0
524702, 2.0
524703, 2.0
524709, 2.0
525198, 2.0
525203, 2.0
525204, 2.0
525211, 2.0
525700, 1.0
525705, 1.0
525712, 1.0
526201, 2.0
526206, 2.0
526207, 2.0
526214, 2.0
526702, 2.0
526707, 2.0
526708, 2.0
526715, 2.0
527204, 1.0
527209, 1.0
527217, 1.0
527706, 2.0
527710, 2.0
527711, 2.0
527719, 2.0
528208, 1.0
528212, 1.0
528220, 1.0
528710, 2.0
528714, 2.0
528722, 2.0
529211, 1.0
529216, 2.0
529223, 2.0
529713, 3.0
529717, 3.0
529724, 3.0
530214, 2.0
530218, 2.0
530219, 2.0
530226, 2.0
530716, 2.0
530720, 2.0
530727, 2.0
531217, 1.0
531221, 1.0
531229, 1.0
531719, 4.0
531723, 4.0
531730, 4.0
532220, 3.0
532225, 3.0
532232, 3.0
532722, 2.0
532727, 2.0
532734, 2.0
533223, 2.0
533228, 2.0
533235, 2.0
533725, 1.0
533730, 1.0
533737, 1.0
534227, 2.0
534231, 2.0
534232, 2.0
534239, 2.0
534728, 3.0
534733, 3.0
534740, 3.0
535230, 1.0
535234, 1.0
535236, 1.0
535241, 1.0
535732, 1.0
535735, 1.0
535737, 1.0
535743, 1.0
536234, 3.0
536237, 3.0
536238, 3.0
536245, 3.0
536735, 3.0
536738, 3.0
536740, 3.0
536746, 3.0
537237, 2.0
537239, 2.0
537242, 2.0
537248, 2.0
537738, 1.0
537741, 1.0
537743, 1.0
537750, 1.0
538240, 2.0
538243, 2.0
538244, 2.0
538251, 2.0
538742, 2.0
538744, 2.0
538745, 2.0
538753, 2.0
539243, 3.0
539245, 3.0
539247, 3.0
539255, 3.0
539744, 1.0
539747, 1.0
539749, 1.0
539756, 1.0
540245, 1.0
540249, 1.0
540251, 1.0
540258, 1.0
540747, 2.0
540750, 2.0
540752, 2.0
540760, 2.0
541248, 2.0
541252, 2.0
541254, 2.0
541261, 2.0
541750, 1.0
541754, 1.0
541756, 1.0
541762, 1.0
542251, 1.0
542256, 1.0
542257, 1.0
542264, 1.0
542753, 1.0
542758, 1.0
542759, 1.0
542766, 1.0
543255, 3.0
543259, 3.0
543261, 3.0
543267, 3.0
543757, 3.0
543761, 2.0
543762, 3.0
543768, 2.0
544259, 2.0
544262, 1.0
544263, 1.0
544270, 2.0
544761, 2.0
544763, 2.0
544764, 2.0
544772, 2.0
545262, 2.0
545265, 2.0
545266, 2.0
545273, 2.0
545764, 2.0
545767, 2.0
545768, 2.0
545775, 2.0
546265, 2.0
546269, 2.0
546270, 2.0
546276, 2.0
546767, 2.0
546770, 2.0
546771, 2.0
546778, 2.0
547268, 1.0
547272, 1.0
547280, 1.0
547770, 1.0
547774, 1.0
547782, 1.0
548271, 2.0
548276, 2.0
548283, 2.0
548772, 1.0
548778, 1.0
548784, 1.0
549273, 2.0
549279, 2.0
549280, 2.0
549286, 2.0
549775, 2.0
549781, 2.0
549787, 2.0
550276, 1.0
550283, 1.0
550288, 1.0
550777, 2.0
550784, 2.0
550785, 2.0
550790, 2.0
551279, 2.0
551285, 2.0
551286, 2.0
551291, 2.0
551781, 2.0
551787, 2.0
551788, 2.0
551793, 2.0
552282, 2.0
552288, 2.0
552289, 2.0
552294, 2.0
552784, 2.0
552789, 2.0
552790, 2.0
552796, 2.0
553286, 2.0
553290, 2.0
553291, 2.0
553297, 2.0
553788, 2.0
553792, 2.0
553793, 2.0
553798, 2.0
554290, 2.0
554293, 2.0
554295, 2.0
554300, 2.0
554791, 2.0
554795, 2.0
554797, 2.0
554801, 2.0
555293, 2.0
555297, 2.0
555298, 2.0
555303, 2.0
555795, 2.0
555799, 2.0
555805, 2.0
556296, 2.0
556300, 2.0
556307, 2.0
556798, 2.0
556802, 2.0
556803, 2.0
556808, 2.0
557299, 2.0
557303, 2.0
557305, 2.0
557310, 2.0
557800, 1.0
557805, 1.0
557806, 1.0
557811, 1.0
558303, 2.0
558307, 1.0
558308, 1.0
558313, 1.0
558804, 1.0
558808, 1.0
558809, 1.0
558815, 1.0
559305, 2.0
559310, 2.0
559311, 2.0
559316, 2.0
559806, 2.0
559811, 2.0
559813, 2.0
559817, 2.0
560307, 2.0
560313, 2.0
560315, 2.0
560319, 2.0
560809, 2.0
560814, 2.0
560817, 1.0
560821, 1.0
561310, 3.0
561316, 3.0
561319, 3.0
561322, 3.0
561811, 2.0
561818, 2.0
561820, 2.0
561824, 2.0
562312, 1.0
562320, 1.0
562322, 1.0
562325, 1.0
562814, 2.0
562821, 2.0
562824, 2.0
562826, 2.0
563315, 2.0
563323, 2.0
563325, 2.0
563327, 2.0
563816, 2.0
563824, 2.0
563827, 2.0
563828, 2.0
564318, 2.0
564325, 2.0
564329, 2.0
564330, 2.0
564820, 3.0
564827, 3.0
564830, 2.0
564832, 2.0
565321, 2.0
565328, 2.0
565332, 2.0
565333, 2.0
565823, 2.0
565829, 2.0
565833, 3.0
565834, 2.0
566325, 4.0
566330, 3.0
566334, 4.0
566335, 4.0
566826, 2.0
566832, 2.0
566836, 2.0
566837, 2.0
567327, 2.0
567333, 2.0
567337, 2.0
567338, 2.0
567828, 2.0
567834, 2.0
567839, 2.0
567840, 2.0
568330, 1.0
568335, 1.0
568340, 1.0
568342, 1.0
568831, 2.0
568837, 2.0
568841, 2.0
568843, 2.0
569333, 2.0
569339, 2.0
569343, 2.0
569344, 2.0
569834, 2.0
569840, 2.0
569845, 2.0
569846, 2.0
570336, 1.0
570342, 1.0
570346, 2.0
570348, 2.0
570838, 1.0
570843, 1.0
570847, 1.0
570850, 1.0
571339, 1.0
571345, 1.0
571349, 1.0
571351, 1.0
571840, 2.0
571846, 2.0
571850, 2.0
571852, 2.0
572342, 1.0
572347, 1.0
572352, 1.0
572354, 1.0
572844, 2.0
572849, 2.0
572853, 2.0
572856, 2.0
573346, 3.0
573350, 3.0
573355, 3.0
573358, 3.0
573848, 2.0
573852, 2.0
573857, 2.0
573859, 2.0
574350, 1.0
574354, 1.0
574359, 1.0
574360, 1.0
574852, 2.0
574856, 2.0
574860, 2.0
574862, 2.0
575354, 1.0
575357, 1.0
575362, 1.0
575363, 1.0
575855, 2.0
575858, 2.0
575863, 2.0
575865, 2.0
576356, 3.0
576359, 3.0
576365, 3.0
576366, 3.0
576858, 2.0
576861, 2.0
576867, 2.0
576868, 2.0
577359, 2.0
577362, 2.0
577368, 2.0
577369, 2.0
577860, 1.0
577864, 1.0
577869, 1.0
577870, 1.0
578362, 1.0
578365, 1.0
578371, 1.0
578372, 1.0
578864, 2.0
578866, 2.0
578872, 2.0
578873, 2.0
579365, 2.0
579367, 2.0
579373, 2.0
579375, 2.0
579867, 2.0
579869, 2.0
579875, 2.0
579876, 2.0
580368, 2.0
580371, 2.0
580376, 2.0
580377, 2.0
580870, 2.0
580872, 2.0
580877, 2.0
580879, 2.0
581371, 2.0
581374, 2.0
581379, 2.0
581380, 2.0
581873, 2.0
581876, 2.0
581880, 2.0
581882, 2.0
582374, 1.0
582377, 1.0
582382, 1.0
582383, 1.0
582876, 2.0
582878, 1.0
582885, 1.5
583378, 2.0
583380, 2.0
583387, 2.0
583879, 2.0
583881, 2.0
583888, 2.0
584380, 2.0
584382, 2.0
584389, 2.0
584390, 2.0
584881, 1.0
584884, 2.0
584891, 2.0
584892, 2.0
585383, 1.0
585385, 1.0
585393, 1.0
585394, 2.0
585885, 4.0
585887, 4.0
585895, 4.0
585896, 4.0
586386, 1.0
586389, 1.0
586396, 1.0
586397, 1.0
586887, 2.0
586890, 2.0
586898, 2.0
586899, 2.0
587389, 2.0
587391, 2.0
587400, 2.0
587890, 2.0
587893, 2.0
587901, 2.0
587902, 2.0
588392, 1.0
588394, 2.0
588402, 2.0
588403, 2.0
588893, 2.0
588896, 2.0
588904, 2.0
588905, 2.0
589395, 1.0
589397, 1.0
589405, 1.0
589406, 1.0
589897, 2.0
589899, 2.0
589907, 2.0
590399, 2.0
590401, 2.0
590408, 2.0
590409, 2.0
590900, 2.0
590903, 2.0
590910, 2.0
590911, 2.0
591402, 1.0
591405, 1.0
591411, 1.0
591412, 1.0
591903, 3.0
591906, 4.0
591913, 4.0
591914, 4.0
592404, 3.0
592407, 3.0
592414, 3.0
592415, 3.0
592906, 2.0
592909, 2.0
592915, 2.0
592917, 2.0
593408, 2.0
593410, 2.0
593417, 2.0
593419, 2.0
593909, 2.0
593912, 2.0
593919, 2.0
593920, 2.0
594411, 2.0
594413, 2.0
594420, 1.0
594421, 1.0
594912, 1.0
594915, 1.0
594922, 1.0
594923, 1.0
595413, 2.0
595417, 2.0
595423, 2.0
595424, 2.0
595915, 2.0
595919, 2.0
595925, 2.0
595926, 2.0
596417, 3.0
596420, 3.0
596426, 3.0
596427, 3.0
596918, 2.0
596922, 2.0
596928, 2.0
596930, 2.0
597420, 2.0
597423, 2.0
597429, 1.0
597431, 1.0
597922, 1.0
597925, 1.0
597930, 1.0
597932, 1.0
598423, 2.0
598426, 2.0
598432, 2.0
598433, 2.0
598925, 2.0
598927, 2.0
598933, 2.0
598935, 2.0
599427, 3.0
599429, 3.0
599434, 3.0
599436, 3.0
599929, 2.0
599931, 2.0
599935, 2.0
599937, 2.0
600431, 2.0
600433, 2.0
600437, 2.0
600439, 2.0
600933, 2.0
600934, 2.0
600939, 2.0
600941, 2.0
601434, 2.0
601436, 2.0
601441, 2.0
601443, 2.0
601936, 5.0
601937, 5.0
601943, 5.0
601944, 5.0
602438, 2.0
602439, 2.0
602445, 2.0
602446, 2.0
602940, 1.0
602941, 1.0
602946, 1.0
602947, 1.0
603441, 4.0
603442, 4.0
603448, 4.0
603943, 2.0
603944, 2.0
603949, 2.0
603950, 2.0
604444, 2.0
604446, 2.0
604450, 2.0
604452, 2.0
604946, 2.0
604947, 2.0
604952, 2.0
604953, 2.0
605448, 1.0
605449, 1.0
605454, 1.0
605950, 1.0
605956, 1.0
606451, 2.0
606452, 2.0
606457, 2.0
606458, 2.0
606953, 2.0
606959, 2.0
607454, 1.0
607455, 1.0
607461, 1.0
607956, 2.0
607957, 2.0
607963, 2.0
608457, 2.0
608458, 2.0
608464, 2.0
608958, 2.0
608960, 2.0
608965, 2.0
608966, 2.0
609460, 2.0
609461, 2.0
609467, 2.0
609468, 2.0
609962, 2.0
609969, 2.0
609970, 2.0
610463, 2.0
610464, 2.0
610470, 2.0
610472, 2.0
610964, 2.0
610966, 2.0
610971, 2.0
610974, 2.0
611466, 1.0
611467, 1.0
611472, 1.0
611476, 1.0
611968, 1.0
611969, 1.0
611974, 1.0
611977, 1.0
612470, 2.0
612476, 2.0
612478, 1.0
612971, 2.0
612972, 2.0
612977, 2.0
612980, 2.0
613474, 2.0
613478, 2.0
613482, 2.0
613975, 3.0
613976, 3.0
613979, 3.0
613984, 3.0
614477, 2.0
614478, 2.0
614481, 2.0
614486, 2.0
614978, 1.0
614979, 1.0
614983, 1.0
614988, 1.0
615479, 1.0
615480, 1.0
615484, 1.0
615490, 1.0
615981, 2.0
615982, 2.0
615985, 2.0
615991, 2.0
616482, 1.0
616483, 1.0
616487, 1.0
616493, 1.0
616984, 2.0
616985, 2.0
616988, 2.0
616994, 2.0
617485, 2.0
617487, 2.0
617490, 2.0
617496, 2.0
617986, 1.0
617989, 1.0
617992, 1.0
617997, 1.0
618488, 2.0
618490, 2.0
618493, 2.0
618498, 2.0
618989, 2.0
618992, 2.0
618995, 2.0
619000, 2.0
619490, 2.0
619494, 2.0
619496, 2.0
619501, 2.0
619992, 2.0
619996, 2.0
619998, 2.0
620002, 2.0
620493, 2.0
620498, 2.0
620500, 2.0
620504, 2.0
620994, 1.0
621000, 1.0
621002, 1.0
621006, 1.0
621496, 2.0
621502, 2.0
621503, 2.0
621508, 2.0
621997, 2.0
622004, 2.0
622009, 2.0
622499, 2.0
622506, 2.0
622511, 2.0
623001, 2.0
623007, 3.0
623008, 3.0
623012, 3.0
623502, 2.0
623508, 2.0
623509, 2.0
623514, 2.0
624004, 2.0
624009, 2.0
624010, 2.0
624015, 2.0
624506, 2.0
624511, 1.0
624512, 1.0
624517, 1.0
625007, 2.0
625013, 2.0
625014, 2.0
625019, 2.0
625509, 1.0
625515, 1.0
625521, 1.0
626010, 1.0
626016, 1.0
626017, 1.0
626023, 1.0
626511, 3.0
626518, 3.0
626525, 3.0
627013, 2.0
627020, 2.0
627027, 2.0
627515, 2.0
627521, 2.0
627528, 2.0
628017, 2.0
628023, 2.0
628029, 2.0
628518, 1.0
628524, 1.0
628525, 1.0
628531, 1.0
629020, 2.0
629025, 2.0
629027, 2.0
629032, 2.0
629521, 2.0
629527, 2.0
629528, 2.0
629534, 2.0
630023, 2.0
630028, 2.0
630029, 2.0
630037, 2.0
630524, 1.0
630529, 1.0
630531, 1.0
630539, 1.0
631026, 2.0
631031, 2.0
631033, 2.0
631040, 2.0
631527, 2.0
631532, 2.0
631534, 2.0
631542, 2.0
632028, 2.0
632034, 2.0
632035, 2.0
632044, 2.0
632530, 1.0
632535, 1.0
632537, 1.0
632545, 1.0
633031, 2.0
633036, 2.0
633039, 2.0
633046, 2.0
633532, 4.0
633538, 4.0
633540, 4.0
633547, 4.0
634033, 2.0
634040, 2.0
634042, 2.0
634048, 2.0
634534, 2.0
634541, 2.0
634543, 2.0
634550, 2.0
635036, 2.0
635043, 2.0
635044, 2.0
635052, 2.0
635538, 1.0
635544, 1.0
635546, 1.0
635553, 1.0
636039, 1.0
636045, 1.0
636047, 1.0
636054, 1.0
636541, 2.0
636546, 2.0
636548, 2.0
636555, 2.0
637042, 2.0
637048, 2.0
637049, 2.0
637057, 2.0
637543, 2.0
637550, 2.0
637559, 2.0
638045, 2.0
638052, 2.0
638060, 2.0
638547, 2.0
638553, 2.0
638561, 2.0
639048, 2.0
639055, 2.0
639063, 2.0
639550, 1.0
639557, 1.0
639565, 2.0
640051, 2.0
640058, 2.0
640066, 2.0
640553, 1.0
640560, 1.0
640568, 2.0
641055, 2.0
641061, 2.0
641069, 2.0
641556, 2.0
641562, 2.0
641571, 2.0
642058, 1.0
642063, 1.0
642064, 1.0
642072, 1.0
642559, 2.0
642565, 2.0
642574, 2.0
643061, 2.0
643066, 2.0
643076, 2.0
643563, 2.0
643568, 2.0
643577, 2.0
644065, 2.0
644069, 2.0
644079, 2.0
644567, 2.0
644571, 2.0
644581, 2.0
645069, 1.0
645072, 1.0
645073, 1.0
645082, 1.0
645570, 2.0
645574, 2.0
645575, 2.0
645583, 1.0
646072, 2.0
646075, 2.0
646077, 2.0
646085, 2.0
646573, 3.0
646577, 3.0
646578, 3.0
646586, 3.0
647075, 2.0
647078, 2.0
647079, 2.0
647088, 2.0
647577, 2.0
647580, 2.0
647581, 2.0
647590, 2.0
648079, 2.0
648081, 2.0
648082, 2.0
648091, 2.0
648580, 2.0
648583, 2.0
648593, 2.0
649081, 2.0
649084, 2.0
649085, 2.0
649094, 2.0
649583, 2.0
649586, 2.0
649596, 2.0
650085, 1.0
650087, 1.0
650088, 1.0
650098, 1.0
650586, 1.0
650589, 1.0
650590, 1.0
650599, 1.0
651087, 2.0
651090, 2.0
651091, 2.0
651101, 2.0
651589, 2.0
651592, 2.0
651603, 2.0
652091, 3.0
652094, 3.0
652105, 3.0
652592, 4.0
652596, 4.0
652607, 4.0
653094, 2.0
653097, 2.0
653098, 2.0
653108, 2.0
653595, 2.0
653599, 2.0
653610, 2.0
654097, 2.0
654100, 2.0
654101, 2.0
654112, 2.0
654598, 2.0
654602, 2.0
654603, 2.0
654613, 2.0
655099, 1.0
655104, 1.0
655115, 1.0
655601, 2.0
655605, 2.0
655617, 2.0
656102, 2.0
656106, 2.0
656107, 2.0
656118, 3.0
656604, 3.0
656608, 3.0
656609, 3.0
656619, 3.0
657105, 1.0
657110, 1.0
657111, 1.0
657120, 1.0
657606, 2.0
657611, 2.0
657612, 2.0
657622, 2.0
658107, 2.0
658113, 2.0
658114, 2.0
658124, 2.0
658609, 1.0
658614, 1.0
658615, 1.0
658625, 1.0
659110, 1.0
659115, 1.0
659116, 1.0
659127, 1.0
659611, 2.0
659617, 2.0
659628, 2.0
660113, 2.0
660119, 2.0
660130, 2.0
660614, 2.0
660621, 2.0
660632, 2.0
661115, 1.0
661122, 1.0
661134, 1.0
661617, 2.0
661623, 2.0
661624, 2.0
661636, 2.0
662119, 2.0
662125, 2.0
662137, 2.0
662620, 2.0
662627, 2.0
662639, 2.0
663122, 2.0
663128, 2.0
663140, 2.0
663623, 5.0
663629, 5.0
663631, 5.0
663641, 5.0
664125, 2.0
664131, 2.0
664132, 2.0
664143, 2.0
664627, 2.0
664632, 2.0
664633, 2.0
664644, 2.0
665129, 1.0
665134, 1.0
665135, 1.0
665146, 1.0
665630, 2.0
665635, 2.0
665637, 2.0
665647, 2.0
666131, 2.0
666137, 2.0
666138, 2.0
666148, 2.0
666633, 2.0
666639, 2.0
666641, 2.0
666650, 2.0
667134, 2.0
667141, 2.0
667142, 2.0
667151, 2.0
667635, 2.0
667643, 2.0
667644, 2.0
667652, 2.0
668136, 2.0
668144, 2.0
668146, 2.0
668153, 2.0
668639, 3.0
668645, 3.0
668647, 3.0
668655, 3.0
669140, 2.0
669147, 2.0
669149, 2.0
669156, 2.0
669641, 2.0
669648, 2.0
669651, 2.0
669658, 2.0
670142, 2.0
670150, 2.0
670152, 2.0
670159, 2.0
670644, 2.0
670652, 2.0
670654, 2.0
670660, 2.0
671146, 2.0
671154, 2.0
671156, 2.0
671162, 2.0
671647, 2.0
671655, 2.0
671658, 2.0
671663, 2.0
672149, 2.0
672157, 2.0
672159, 2.0
672165, 2.0
672651, 2.0
672659, 2.0
672660, 2.0
672667, 2.0
673152, 2.0
673160, 2.0
673162, 2.0
673169, 2.0
673654, 1.0
673662, 2.0
673664, 2.0
673670, 2.0
674155, 3.0
674164, 3.0
674165, 3.0
674172, 3.0
674656, 2.0
674666, 2.0
674673, 2.0
675158, 1.0
675167, 1.0
675168, 1.0
675175, 1.0
675660, 2.0
675669, 1.0
675670, 1.0
675676, 1.0
676162, 2.0
676171, 2.0
676172, 2.0
676178, 2.0
676663, 1.0
676672, 1.0
676673, 1.0
676680, 1.0
677165, 1.0
677174, 1.0
677182, 1.0
677666, 1.0
677675, 1.0
677676, 1.0
677684, 1.0
678168, 2.0
678176, 2.0
678177, 2.0
678185, 2.0
678670, 1.0
678678, 1.0
678679, 1.0
678687, 1.0
679172, 2.0
679179, 2.0
679180, 2.0
679189, 2.0
679673, 2.0
679680, 2.0
679682, 2.0
679691, 2.0
680175, 2.0
680182, 2.0
680183, 2.0
680192, 2.0
680676, 1.0
680683, 1.0
680684, 1.0
680694, 1.0
681177, 2.0
681184, 2.0
681186, 2.0
681196, 2.0
681678, 2.0
681685, 2.0
681687, 2.0
681697, 2.0
682180, 2.0
682187, 2.0
682189, 2.0
682199, 2.0
682681, 2.0
682689, 2.0
682690, 2.0
682701, 2.0
683183, 1.0
683190, 1.0
683191, 1.0
683202, 1.0
683684, 2.0
683691, 2.0
683693, 2.0
683703, 2.0
684187, 3.0
684192, 3.0
684194, 3.0
684205, 3.0
684688, 1.0
684694, 1.0
684696, 1.0
684707, 1.0
685190, 1.0
685195, 1.0
685197, 1.0
685209, 1.0
685692, 2.0
685697, 2.0
685698, 2.0
685710, 2.0
686193, 3.0
686198, 3.0
686200, 3.0
686212, 3.0
686695, 2.0
686699, 2.0
686702, 2.0
686713, 2.0
687197, 2.0
687201, 2.0
687203, 2.0
687214, 2.0
687699, 2.0
687702, 2.0
687705, 2.0
687716, 2.0
688201, 1.0
688203, 1.0
688207, 1.0
688217, 1.0
688702, 1.0
688704, 1.0
688708, 1.0
688719, 1.0
689204, 2.0
689206, 2.0
689210, 2.0
689221, 2.0
689706, 1.0
689708, 1.0
689711, 1.0
689723, 2.0
690208, 2.0
690209, 2.0
690213, 2.0
690224, 2.0
690710, 1.0
690711, 1.0
690714, 1.0
690726, 1.0
691211, 2.0
691212, 2.0
691216, 2.0
691227, 2.0
691713, 2.0
691714, 2.0
691717, 2.0
691728, 2.0
692215, 2.0
692219, 2.0
692230, 2.0
692716, 1.0
692721, 1.0
692731, 1.0
693218, 2.0
693222, 2.0
693232, 2.0
693719, 2.0
693720, 2.0
693724, 2.0
693734, 2.0
694221, 2.0
694222, 2.0
694225, 2.0
694235, 2.0
694722, 1.0
694723, 1.0
694727, 1.0
694737, 1.0
695224, 2.0
695225, 2.0
695228, 2.0
695238, 2.0
695725, 1.0
695727, 1.0
695730, 1.0
695739, 1.0
696227, 3.0
696228, 3.0
696232, 3.0
696240, 3.0
696728, 2.0
696730, 2.0
696733, 1.0
696742, 1.0
697230, 2.0
697231, 2.0
697235, 2.0
697244, 2.0
697732, 1.0
697733, 1.0
697736, 1.0
697746, 2.0
698233, 2.0
698234, 2.0
698238, 2.0
698247, 2.0
698735, 2.0
698739, 2.0
698748, 2.0
699236, 2.0
699237, 2.0
699241, 2.0
699250, 1.0
699737, 2.0
699739, 2.0
699743, 2.0
699752, 2.0
700239, 1.0
700240, 1.0
700244, 1.0
700253, 1.0
700740, 2.0
700741, 2.0
700746, 2.0
700754, 2.0
701241, 2.0
701243, 2.0
701248, 2.0
701255, 2.0
701743, 1.0
701745, 1.0
701749, 1.0
701757, 1.0
702244, 2.0
702246, 2.0
702251, 2.0
702259, 2.0
702745, 2.0
702747, 1.0
702753, 2.0
702760, 2.0
703247, 2.0
703249, 2.0
703255, 1.0
703262, 1.0
703749, 2.0
703750, 2.0
703756, 2.0
703764, 2.0
704250, 2.0
704252, 2.0
704257, 2.0
704265, 2.0
704752, 3.0
704753, 3.0
704759, 2.0
704766, 2.0
705254, 2.0
705255, 2.0
705260, 2.0
705268, 2.0
705756, 1.0
705762, 1.0
705770, 1.0
706257, 2.0
706263, 2.0
706272, 2.0
706758, 2.0
706765, 2.0
706773, 2.0
707260, 1.0
707266, 1.0
707275, 1.0
707761, 1.0
707768, 1.0
707777, 2.0
708263, 1.0
708270, 1.0
708279, 1.0
708765, 2.0
708771, 2.0
708780, 2.0
709266, 2.0
709273, 2.0
709281, 2.0
709768, 2.0
709774, 2.0
709783, 1.0
710269, 2.0
710275, 2.0
710284, 2.0
710771, 2.0
710777, 1.0
710785, 1.0
711272, 2.0
711273, 2.0
711278, 2.0
711287, 2.0
711774, 3.0
711775, 3.0
711780, 3.0
711788, 3.0
712275, 1.0
712276, 1.0
712282, 2.0
712290, 1.0
712777, 4.0
712778, 4.0
712784, 4.0
712792, 4.0
713278, 1.0
713279, 1.0
713286, 1.0
713294, 1.0
713780, 1.0
713781, 1.0
713788, 1.0
713796, 1.0
714281, 2.0
714283, 2.0
714289, 2.0
714297, 1.0
714782, 2.0
714784, 2.0
714791, 2.0
714799, 2.0
715284, 2.0
715286, 2.0
715292, 2.0
715300, 2.0
715785, 2.0
715788, 2.0
715793, 2.0
715802, 2.0
716287, 3.0
716289, 3.0
716295, 3.0
716303, 3.0
716788, 2.0
716791, 2.0
716797, 2.0
716804, 2.0
717289, 2.0
717292, 2.0
717299, 2.0
717306, 2.0
717790, 2.0
717794, 2.0
717800, 2.0
717808, 2.0
718292, 2.0
718295, 2.0
718302, 2.0
718309, 1.0
718793, 2.0
718797, 2.0
718803, 2.0
718811, 2.0
719295, 2.0
719298, 2.0
719305, 2.0
719313, 2.0
719797, 2.0
719799, 2.0
719806, 2.0
719814, 2.0
720299, 1.0
720301, 1.0
720308, 1.0
720316, 1.0
720800, 2.0
720803, 2.0
720810, 2.0
720817, 2.0
721301, 2.0
721304, 1.0
721311, 2.0
721319, 2.0
721803, 5.0
721806, 5.0
721813, 5.0
721821, 5.0
722305, 2.0
722308, 2.0
722314, 2.0
722322, 2.0
722806, 2.0
722810, 2.0
722816, 2.0
722824, 2.0
723308, 3.0
723311, 3.0
723317, 3.0
723326, 3.0
723810, 2.0
723812, 2.0
723818, 2.0
723827, 2.0
724311, 2.0
724314, 2.0
724320, 2.0
724328, 2.0
724812, 2.0
724815, 2.0
724822, 2.0
724831, 2.0
725314, 2.0
725317, 2.0
725323, 2.0
725332, 2.0
725816, 2.0
725818, 2.0
725825, 2.0
725834, 2.0
726317, 1.0
726320, 1.0
726326, 1.0
726336, 1.0
726819, 2.0
726822, 2.0
726828, 2.0
726837, 2.0
727320, 2.0
727323, 2.0
727329, 2.0
727339, 2.0
727822, 1.0
727824, 1.0
727830, 1.0
727841, 1.0
728323, 1.0
728326, 1.0
728332, 1.0
728342, 1.0
728824, 2.0
728828, 2.0
728833, 2.0
728843, 2.0
729326, 2.0
729329, 2.0
729335, 2.0
729345, 2.0
729827, 1.0
729831, 1.0
729836, 1.0
729846, 1.0
730329, 1.0
730333, 1.0
730338, 1.0
730348, 1.0
730830, 2.0
730834, 2.0
730840, 2.0
730850, 2.0
731332, 2.0
731336, 2.0
731341, 2.0
731351, 2.0
731834, 3.0
731837, 3.0
731843, 3.0
731853, 3.0
732335, 2.0
732338, 2.0
732344, 2.0
732355, 2.0
732837, 2.0
732840, 2.0
732845, 2.0
732856, 2.0
733338, 2.0
733341, 2.0
733346, 2.0
733357, 2.0
733839, 1.0
733843, 1.0
733848, 1.0
733858, 1.0
734341, 2.0
734344, 2.0
734350, 2.0
734360, 2.0
734842, 2.0
734846, 2.0
734851, 2.0
734862, 2.0
735343, 2.0
735347, 2.0
735353, 2.0
735363, 2.0
735845, 2.0
735848, 2.0
735854, 2.0
735865, 1.0
736346, 2.0
736350, 2.0
736355, 2.0
736366, 2.0
736847, 2.0
736851, 2.0
736857, 2.0
736868, 2.0
737349, 2.0
737353, 2.0
737358, 2.0
737370, 2.0
737850, 2.0
737854, 2.0
737859, 2.0
737871, 2.0
738352, 2.0
738356, 2.0
738361, 2.0
738372, 2.0
738854, 2.0
738857, 2.0
738862, 2.0
738874, 2.0
739356, 2.0
739359, 2.0
739364, 2.0
739376, 2.0
739858, 1.0
739860, 1.0
739865, 1.0
739878, 1.0
740359, 2.0
740362, 2.0
740366, 2.0
740379, 2.0
740860, 3.0
740863, 3.0
740868, 3.0
740881, 3.0
741361, 2.0
741365, 2.0
741370, 2.0
741383, 2.0
741863, 3.0
741866, 3.0
741872, 3.0
741884, 3.0
742364, 2.0
742367, 2.0
742373, 2.0
742386, 2.0
742866, 2.0
742869, 2.0
742875, 2.0
742888, 2.0
743368, 3.0
743371, 3.0
743376, 3.0
743389, 3.0
743869, 1.0
743873, 1.0
743878, 1.0
743890, 1.0
744371, 2.0
744375, 2.0
744379, 2.0
744392, 2.0
744873, 1.0
744877, 1.0
744881, 1.0
744894, 1.0
745375, 2.0
745378, 2.0
745382, 2.0
745395, 2.0
745876, 2.0
745879, 2.0
745883, 2.0
745896, 2.0
746378, 2.0
746381, 2.0
746385, 2.0
746398, 3.0
746879, 3.0
746882, 2.0
746886, 2.0
746900, 2.0
747381, 2.0
747384, 2.0
747388, 2.0
747401, 2.0
747883, 2.0
747886, 2.0
747889, 2.0
747902, 1.0
748385, 2.0
748387, 2.0
748391, 2.0
748403, 2.0
748887, 2.0
748889, 2.0
748892, 2.0
748905, 2.0
749389, 1.0
749390, 1.0
749393, 1.0
749407, 1.0
749890, 2.0
749891, 2.0
749895, 2.0
749908, 2.0
750392, 1.0
750393, 1.0
750396, 1.0
750409, 1.0
750893, 1.0
750895, 1.0
750898, 1.0
750911, 1.0
751395, 2.0
751396, 2.0
751399, 2.0
751412, 2.0
751896, 2.0
751897, 2.0
751901, 2.0
751914, 2.0
752398, 2.0
752399, 1.0
752403, 2.0
752415, 1.0
752899, 2.0
752901, 2.0
752904, 2.0
752917, 2.0
753401, 3.0
753402, 3.0
753406, 3.0
753418, 3.0
753903, 3.0
753908, 3.0
753920, 3.0
754404, 2.0
754410, 2.0
754421, 2.0
754905, 1.0
754906, 1.0
754911, 1.0
754922, 1.0
755407, 1.0
755408, 1.0
755413, 1.0
755423, 1.0
755908, 2.0
755910, 2.0
755914, 2.0
755925, 2.0
756409, 3.0
756411, 3.0
756415, 3.0
756426, 3.0
756911, 2.0
756913, 2.0
756917, 2.0
756927, 2.0
757412, 2.0
757415, 2.0
757418, 2.0
757428, 2.0
757913, 2.0
757917, 2.0
757919, 2.0
757930, 2.0
758415, 1.0
758418, 1.0
758421, 1.0
758431, 1.0
758917, 2.0
758920, 2.0
758923, 2.0
758932, 2.0
759418, 2.0
759422, 2.0
759424, 2.0
759434, 2.0
759920, 2.0
759924, 2.0
759926, 2.0
759936, 2.0
760421, 2.0
760425, 2.0
760427, 2.0
760438, 2.0
760922, 1.0
760927, 1.0
760928, 1.0
760939, 2.0
761423, 2.0
761428, 2.0
761430, 2.0
761441, 2.0
761924, 2.0
761929, 2.0
761931, 2.0
761943, 2.0
762425, 2.0
762431, 2.0
762433, 2.0
762444, 2.0
762927, 2.0
762932, 2.0
762935, 2.0
762946, 2.0
763428, 2.0
763433, 2.0
763436, 2.0
763447, 2.0
763929, 2.0
763934, 2.0
763937, 2.0
763948, 2.0
764431, 2.0
764435, 2.0
764439, 2.0
764450, 2.0
764932, 1.0
764937, 1.0
764942, 1.0
764952, 1.0
765435, 1.0
765439, 1.0
765444, 1.0
765453, 1.0
765936, 3.0
765941, 3.0
765945, 3.0
765954, 3.0
766438, 2.0
766443, 2.0
766446, 2.0
766455, 2.0
766941, 2.0
766944, 2.0
766948, 2.0
766957, 2.0
767442, 2.0
767445, 2.0
767449, 2.0
767459, 2.0
767943, 2.0
767947, 2.0
767951, 2.0
767961, 2.0
768444, 2.0
768448, 2.0
768452, 2.0
768462, 2.0
768946, 2.0
768951, 2.0
768954, 2.0
768964, 2.0
769447, 1.0
769452, 1.0
769456, 1.0
769465, 1.0
769949, 2.0
769953, 2.0
769958, 2.0
769966, 2.0
770450, 2.0
770454, 2.0
770460, 2.0
770467, 2.0
770952, 2.0
770955, 2.0
770961, 2.0
770969, 2.0
771454, 2.0
771457, 2.0
771462, 2.0
771470, 2.0
771955, 3.0
771958, 3.0
771964, 3.0
771972, 3.0
772456, 2.0
772459, 2.0
772466, 2.0
772474, 2.0
772958, 5.0
772960, 5.0
772968, 5.0
772976, 5.0
773460, 2.0
773462, 2.0
773469, 2.0
773477, 2.0
773961, 2.0
773964, 2.0
773970, 2.0
773979, 2.0
774463, 2.0
774466, 2.0
774471, 2.0
774480, 2.0
774964, 2.0
774967, 2.0
774973, 2.0
774981, 2.0
775466, 2.0
775469, 2.0
775474, 1.0
775482, 1.0
775967, 2.0
775970, 2.0
775976, 2.0
775984, 2.0
776469, 2.0
776472, 2.0
776477, 2.0
776486, 2.0
776971, 2.0
776974, 2.0
776979, 2.0
776988, 2.0
777472, 2.0
777475, 2.0
777481, 2.0
777489, 2.0
777974, 2.0
777976, 2.0
777982, 2.0
777991, 2.0
778475, 2.0
778478, 2.0
778484, 1.0
778493, 1.0
778977, 2.0
778979, 2.0
778986, 2.0
778994, 2.0
779479, 1.0
779481, 1.0
779487, 1.0
779496, 1.0
779981, 4.0
779982, 4.0
779989, 4.0
779998, 4.0
780483, 2.0
780484, 2.0
780490, 2.0
780499, 2.0
780984, 2.0
780985, 2.0
780992, 2.0
781001, 2.0
781486, 2.0
781487, 2.0
781493, 2.0
781503, 2.0
781987, 2.0
781988, 2.0
781995, 2.0
782004, 2.0
782488, 2.0
782490, 2.0
782497, 2.0
782505, 2.0
782990, 2.0
782991, 2.0
782998, 2.0
783006, 2.0
783491, 4.0
783493, 4.0
783500, 4.0
783507, 3.0
783993, 2.0
783994, 2.0
784001, 2.0
784009, 2.0
784494, 2.0
784496, 2.0
784503, 2.0
784510, 2.0
784995, 2.0
784997, 2.0
785004, 2.0
785011, 2.0
785497, 2.0
785499, 2.0
785506, 2.0
785513, 2.0
785998, 2.0
786000, 2.0
786008, 2.0
786014, 2.0
786500, 2.0
786502, 2.0
786510, 2.0
786516, 2.0
787001, 2.0
787004, 2.0
787011, 2.0
787018, 2.0
787503, 1.0
787506, 1.0
787513, 1.0
787519, 1.0
788004, 2.0
788007, 2.0
788014, 2.0
788021, 2.0
788506, 2.0
788508, 2.0
788516, 2.0
788523, 2.0
789007, 2.0
789010, 2.0
789017, 3.0
789024, 3.0
789508, 7.0
789511, 7.0
789519, 7.0
789526, 7.0
790010, 2.0
790012, 2.0
790021, 2.0
790027, 2.0
790512, 2.0
790513, 2.0
790522, 2.0
790528, 2.0
791013, 2.0
791015, 2.0
791024, 2.0
791030, 2.0
791515, 1.0
791516, 1.0
791525, 1.0
791531, 1.0
792016, 2.0
792018, 2.0
792027, 2.0
792032, 2.0
792518, 2.0
792520, 2.0
792529, 2.0
792533, 2.0
793020, 2.0
793021, 2.0
793030, 2.0
793035, 2.0
793522, 2.0
793532, 2.0
793537, 2.0
794023, 1.0
794024, 1.0
794033, 1.0
794038, 1.0
794525, 2.0
794526, 2.0
794535, 2.0
794539, 2.0
795026, 2.0
795027, 2.0
795036, 3.0
795040, 3.0
795528, 2.0
795529, 2.0
795538, 2.0
795542, 2.0
796030, 2.0
796039, 2.0
796044, 2.0
796531, 2.0
796532, 2.0
796541, 2.0
796545, 2.0
797032, 2.0
797034, 2.0
797043, 2.0
797046, 2.0
797534, 2.0
797536, 2.0
797544, 2.0
797547, 2.0
798035, 2.0
798037, 2.0
798045, 2.0
798049, 2.0
798537, 2.0
798538, 2.0
798547, 2.0
798551, 2.0
799038, 2.0
799039, 2.0
799048, 1.0
799053, 1.0
799540, 2.0
799541, 2.0
799549, 2.0
799554, 2.0
800041, 2.0
800042, 2.0
800051, 2.0
800056, 2.0
800543, 2.0
800544, 2.0
800553, 2.0
800558, 2.0
801044, 2.0
801045, 2.0
801055, 2.0
801059, 2.0
801546, 2.0
801556, 2.0
801561, 2.0
802048, 2.0
802049, 2.0
802058, 2.0
802062, 2.0
802549, 1.0
802551, 1.0
802560, 1.0
802564, 1.0
803051, 2.0
803052, 2.0
803062, 2.0
803065, 2.0
803553, 2.0
803564, 2.0
803567, 2.0
804055, 2.0
804065, 2.0
804068, 2.0
804557, 1.0
804567, 1.0
804570, 1.0
805058, 3.0
805059, 3.0
805069, 3.0
805071, 3.0
805560, 2.0
805561, 2.0
805570, 2.0
805573, 2.0
806061, 2.0
806062, 2.0
806071, 2.0
806075, 2.0
806563, 2.0
806564, 2.0
806572, 2.0
806576, 2.0
807064, 2.0
807065, 2.0
807074, 2.0
807078, 2.0
807565, 2.0
807567, 2.0
807576, 2.0
807579, 2.0
808067, 2.0
808069, 2.0
808078, 2.0
808080, 2.0
808568, 2.0
808571, 2.0
808580, 2.0
808581, 2.0
809069, 2.0
809072, 2.0
809081, 2.0
809083, 2.0
809570, 2.0
809573, 2.0
809582, 2.0
809585, 2.0
810072, 2.0
810075, 2.0
810084, 2.0
810087, 2.0
810573, 2.0
810577, 2.0
810586, 2.0
810589, 2.0
811075, 1.0
811078, 1.0
811088, 1.0
811091, 1.0
811576, 2.0
811579, 2.0
811590, 2.0
811592, 2.0
812078, 2.0
812081, 2.0
812092, 2.0
812094, 2.0
812579, 2.0
812582, 2.0
812593, 3.0
812596, 3.0
813080, 2.0
813084, 2.0
813094, 2.0
813097, 2.0
813581, 3.0
813586, 3.0
813596, 3.0
813599, 3.0
814083, 2.0
814088, 2.0
814097, 2.0
814100, 2.0
814585, 2.0
814589, 2.0
814599, 2.0
814601, 2.0
815087, 2.0
815090, 2.0
815100, 2.0
815103, 2.0
815589, 2.0
815591, 2.0
815602, 2.0
815605, 2.0
816091, 2.0
816092, 2.0
816104, 2.0
816106, 2.0
816593, 3.0
816594, 3.0
816605, 3.0
816608, 3.0
817094, 2.0
817096, 2.0
817106, 2.0
817110, 2.0
817595, 2.0
817598, 2.0
817607, 1.0
817611, 1.0
818096, 2.0
818100, 2.0
818109, 2.0
818113, 2.0
818598, 1.0
818601, 1.0
818611, 1.0
818614, 1.0
819099, 2.0
819102, 2.0
819113, 2.0
819116, 2.0
819600, 1.0
819604, 2.0
819614, 1.0
819618, 1.0
820102, 1.0
820106, 1.0
820115, 1.0
820119, 1.0
820603, 2.0
820608, 2.0
820617, 2.0
820620, 2.0
821104, 2.0
821109, 2.0
821119, 2.0
821122, 2.0
821607, 2.0
821611, 2.0
821620, 2.0
821623, 2.0
822108, 1.0
822112, 1.0
822122, 1.0
822124, 1.0
822609, 2.0
822613, 2.0
822623, 2.0
822626, 2.0
823110, 2.0
823115, 2.0
823125, 2.0
823128, 2.0
823612, 2.0
823616, 2.0
823627, 2.0
823630, 2.0
824114, 1.0
824118, 1.0
824129, 1.0
824131, 1.0
824615, 2.0
824620, 2.0
824630, 2.0
824632, 2.0
825117, 2.0
825122, 2.0
825131, 2.0
825134, 2.0
825618, 1.0
825624, 1.0
825633, 1.0
825635, 1.0
826119, 2.0
826126, 2.0
826135, 2.0
826137, 2.0
826621, 2.0
826627, 2.0
826637, 2.0
826639, 2.0
827122, 2.0
827128, 2.0
827138, 2.0
827140, 2.0
827624, 2.0
827630, 2.0
827639, 2.0
827641, 2.0
828126, 1.0
828132, 1.0
828141, 1.0
828142, 2.0
828627, 2.0
828633, 2.0
828642, 2.0
828644, 2.0
829128, 2.0
829135, 2.0
829144, 2.0
829145, 2.0
829629, 2.0
829636, 2.0
829646, 2.0
829647, 2.0
830131, 1.0
830138, 1.0
830148, 1.0
830149, 1.0
830633, 2.0
830639, 2.0
830649, 2.0
830651, 2.0
831134, 1.0
831141, 1.0
831150, 1.0
831153, 1.0
831635, 2.0
831643, 2.0
831651, 2.0
831654, 2.0
832137, 1.0
832145, 2.0
832153, 2.0
832155, 2.0
832639, 2.0
832647, 2.0
832654, 2.0
832656, 2.0
833140, 5.0
833148, 5.0
833156, 5.0
833158, 5.0
833642, 2.0
833649, 2.0
833659, 2.0
833660, 2.0
834144, 2.0
834151, 2.0
834160, 2.0
834162, 2.0
834645, 1.0
834652, 1.0
834661, 1.0
834664, 1.0
835147, 2.0
835154, 2.0
835163, 2.0
835165, 2.0
835649, 2.0
835656, 1.0
835664, 2.0
835667, 2.0
836151, 1.0
836158, 1.0
836165, 1.0
836169, 1.0
836652, 2.0
836659, 2.0
836667, 2.0
836670, 2.0
837154, 1.0
837161, 1.0
837168, 1.0
837171, 1.0
837655, 2.0
837662, 2.0
837669, 2.0
837673, 2.0
838157, 2.0
838164, 2.0
838171, 2.0
838175, 2.0
838658, 2.0
838666, 2.0
838672, 2.0
838676, 2.0
839160, 2.0
839167, 2.0
839173, 2.0
839178, 2.0
839662, 3.0
839668, 3.0
839675, 3.0
839680, 3.0
840163, 1.0
840169, 1.0
840177, 1.0
840181, 1.0
840665, 2.0
840671, 2.0
840678, 2.0
840683, 2.0
841166, 1.0
841172, 1.0
841179, 1.0
841185, 1.0
841668, 2.0
841673, 2.0
841681, 2.0
841687, 2.0
842169, 4.0
842175, 4.0
842183, 3.0
842189, 3.0
842672, 2.0
842677, 2.0
842685, 2.0
842691, 2.0
843173, 2.0
843178, 2.0
843187, 2.0
843192, 2.0
843674, 4.0
843680, 4.0
843688, 4.0
843693, 4.0
844176, 2.0
844181, 2.0
844189, 2.0
844195, 2.0
844678, 1.0
844683, 1.0
844690, 1.0
844697, 1.0
845180, 2.0
845184, 2.0
845192, 2.0
845198, 2.0
845681, 2.0
845686, 2.0
845693, 2.0
845700, 2.0
846183, 1.0
846187, 1.0
846195, 1.0
846202, 1.0
846685, 1.0
846688, 1.0
846697, 1.0
846703, 2.0
847186, 1.0
847190, 1.0
847198, 1.0
847205, 1.0
847687, 1.0
847692, 1.0
847699, 1.0
847707, 2.0
848189, 2.0
848193, 2.0
848201, 2.0
848209, 2.0
848691, 2.0
848695, 2.0
848703, 3.0
848710, 3.0
849193, 3.0
849196, 3.0
849204, 3.0
849211, 3.0
849695, 2.0
849698, 2.0
849706, 2.0
849712, 2.0
850196, 2.0
850200, 2.0
850208, 2.0
850213, 2.0
850698, 2.0
850701, 2.0
850709, 2.0
850715, 2.0
851199, 1.0
851203, 1.0
851211, 1.0
851217, 1.0
851701, 2.0
851705, 2.0
851712, 2.0
851719, 2.0
852202, 2.0
852207, 2.0
852213, 2.0
852220, 2.0
852703, 2.0
852708, 2.0
852715, 2.0
852721, 2.0
853204, 1.0
853209, 1.0
853216, 1.0
853222, 1.0
853706, 2.0
853711, 2.0
853718, 2.0
853724, 2.0
854207, 2.0
854213, 2.0
854220, 2.0
854225, 2.0
854708, 2.0
854714, 2.0
854722, 2.0
854726, 2.0
855209, 3.0
855216, 3.0
855223, 2.0
855228, 2.0
855711, 2.0
855718, 2.0
855724, 2.0
855729, 2.0
856212, 2.0
856219, 2.0
856226, 2.0
856231, 2.0
856713, 3.0
856720, 3.0
856727, 3.0
856733, 3.0
857214, 2.0
857222, 2.0
857229, 2.0
857234, 2.0
857716, 2.0
857723, 2.0
857730, 2.0
857735, 2.0
858217, 2.0
858224, 2.0
858232, 2.0
858237, 2.0
858718, 2.0
858726, 2.0
858733, 2.0
858738, 2.0
859220, 2.0
859228, 2.0
859234, 2.0
859240, 2.0
859721, 2.0
859729, 2.0
859736, 2.0
859741, 2.0
860223, 2.0
860231, 2.0
860238, 2.0
860243, 2.0
860724, 2.0
860732, 2.0
860740, 2.0
860745, 2.0
861226, 2.0
861234, 2.0
861241, 2.0
861246, 2.0
861727, 4.0
861735, 4.0
861743, 4.0
861748, 4.0
862229, 3.0
862237, 3.0
862245, 3.0
862249, 3.0
862730, 2.0
862738, 2.0
862747, 2.0
862751, 2.0
863231, 2.0
863240, 2.0
863249, 2.0
863252, 2.0
863733, 2.0
863742, 2.0
863750, 2.0
863754, 2.0
864235, 2.0
864243, 2.0
864252, 2.0
864255, 2.0
864737, 2.0
864745, 2.0
864754, 2.0
864757, 2.0
865238, 2.0
865246, 2.0
865256, 1.0
865258, 2.0
865739, 2.0
865748, 2.0
865758, 2.0
865759, 2.0
866241, 2.0
866250, 2.0
866259, 2.0
866260, 2.0
866743, 2.0
866752, 2.0
866761, 2.0
866762, 2.0
867245, 1.0
867253, 1.0
867262, 1.0
867263, 1.0
867746, 2.0
867755, 2.0
867764, 2.0
867765, 2.0
868248, 2.0
868257, 2.0
868266, 2.0
868749, 2.0
868758, 2.0
868767, 2.0
868768, 2.0
869251, 2.0
869260, 2.0
869269, 2.0
869752, 1.0
869761, 2.0
869770, 2.0
869771, 2.0
870253, 2.0
870263, 2.0
870272, 2.0
870755, 1.0
870765, 1.0
870773, 1.0
870774, 1.0
871256, 2.0
871267, 2.0
871275, 2.0
871757, 2.0
871769, 2.0
871776, 2.0
871777, 2.0
872259, 2.0
872271, 2.0
872278, 2.0
872279, 2.0
872761, 1.0
872772, 1.0
872780, 1.0
873263, 2.0
873274, 2.0
873281, 2.0
873282, 2.0
873765, 3.0
873775, 3.0
873783, 3.0
874266, 2.0
874277, 2.0
874284, 2.0
874768, 1.0
874779, 1.0
874786, 1.0
875270, 1.0
875280, 1.0
875287, 1.0
875772, 2.0
875782, 2.0
875788, 2.0
876274, 3.0
876283, 3.0
876290, 3.0
876775, 1.0
876784, 1.0
876791, 1.0
876792, 1.0
877277, 2.0
877286, 2.0
877293, 2.0
877778, 2.0
877787, 2.0
877794, 2.0
877795, 2.0
878279, 2.0
878289, 2.0
878296, 2.0
878780, 1.0
878791, 1.0
878797, 1.0
879282, 2.0
879293, 2.0
879298, 2.0
879299, 2.0
879783, 2.0
879794, 2.0
879800, 2.0
880284, 2.0
880296, 2.0
880301, 2.0
880302, 2.0
880786, 3.0
880797, 3.0
880802, 3.0
880804, 3.0
881287, 2.0
881299, 2.0
881304, 2.0
881305, 2.0
881788, 2.0
881800, 2.0
881806, 2.0
881807, 2.0
882289, 1.0
882302, 1.0
882307, 1.0
882309, 1.0
882791, 2.0
882804, 2.0
882808, 2.0
882811, 2.0
883292, 1.0
883305, 1.0
883310, 2.0
883313, 2.0
883794, 2.0
883807, 2.0
883811, 2.0
883814, 2.0
884296, 2.0
884308, 2.0
884312, 2.0
884315, 2.0
884798, 2.0
884810, 2.0
884814, 1.0
884817, 1.0
885299, 2.0
885311, 2.0
885315, 2.0
885319, 2.0
885800, 2.0
885812, 2.0
885817, 2.0
885820, 2.0
886301, 1.0
886314, 1.0
886319, 1.0
886322, 1.0
886803, 1.0
886816, 1.0
886821, 1.0
886823, 1.0
887305, 1.0
887318, 1.0
887322, 1.0
887325, 1.0
887806, 1.0
887819, 1.0
887823, 1.0
887826, 1.0
888307, 1.0
888321, 1.0
888325, 1.0
888328, 1.0
888809, 2.0
888822, 2.0
888826, 2.0
888830, 2.0
889311, 1.0
889324, 1.0
889327, 1.0
889331, 1.0
889812, 1.0
889826, 1.0
889828, 1.0
889833, 1.0
890314, 2.0
890327, 2.0
890330, 2.0
890334, 2.0
890816, 2.0
890828, 2.0
890831, 2.0
890836, 2.0
891317, 1.0
891330, 1.0
891332, 1.0
891337, 1.0
891818, 2.0
891832, 2.0
891834, 2.0
891839, 2.0
892320, 1.0
892333, 1.0
892335, 1.0
892340, 1.0
892822, 2.0
892834, 2.0
892837, 2.0
892842, 2.0
893323, 6.0
893336, 6.0
893338, 6.0
893343, 6.0
893825, 2.0
893838, 2.0
893840, 2.0
893845, 2.0
894326, 2.0
894340, 2.0
894341, 2.0
894346, 2.0
894828, 2.0
894841, 2.0
894842, 2.0
894848, 2.0
895329, 2.0
895342, 2.0
895344, 2.0
895350, 2.0
895831, 2.0
895844, 2.0
895845, 2.0
895852, 2.0
896333, 2.0
896345, 2.0
896346, 2.0
896353, 2.0
896834, 2.0
896847, 2.0
896848, 2.0
896855, 2.0
897335, 2.0
897348, 2.0
897349, 2.0
897356, 2.0
897836, 2.0
897850, 2.0
897851, 2.0
897858, 2.0
898338, 3.0
898352, 3.0
898359, 3.0
898840, 3.0
898853, 3.0
898860, 3.0
899342, 2.0
899354, 2.0
899356, 2.0
899362, 2.0
899843, 2.0
899856, 2.0
899857, 2.0
899864, 2.0
900344, 2.0
900358, 2.0
900365, 2.0
900845, 2.0
900859, 2.0
900860, 2.0
900866, 2.0
901347, 2.0
901361, 1.5
901368, 2.0
901848, 2.0
901862, 2.0
901863, 1.0
901870, 1.0
902350, 1.0
902363, 1.0
902364, 1.0
902371, 1.0
902851, 2.0
902865, 2.0
902866, 2.0
902872, 2.0
903352, 2.0
903367, 2.0
903374, 2.0
903854, 3.0
903868, 3.0
903869, 3.0
903876, 3.0
904355, 2.0
904370, 1.0
904378, 2.0
904857, 2.0
904871, 2.0
904872, 2.0
904880, 2.0
905359, 2.0
905373, 2.0
905374, 2.0
905381, 2.0
905861, 2.0
905875, 2.0
905876, 2.0
905882, 2.0
906362, 2.0
906377, 1.5
906384, 2.0
906863, 2.0
906878, 2.0
906879, 2.0
906886, 2.0
907365, 2.0
907379, 2.0
907381, 2.0
907387, 2.0
907866, 2.0
907881, 2.0
907883, 2.0
907889, 2.0
908368, 1.0
908383, 1.0
908385, 1.0
908391, 1.0
908870, 2.0
908885, 2.0
908886, 2.0
908892, 2.0
909371, 4.0
909387, 4.0
909394, 4.0
909873, 2.0
909888, 2.0
909889, 2.0
909896, 2.0
910374, 2.0
910389, 2.0
910391, 2.0
910398, 2.0
910876, 2.0
910891, 2.0
910892, 2.0
910900, 2.0
911378, 2.0
911392, 2.0
911394, 2.0
911401, 2.0
911879, 2.0
911894, 2.0
911895, 2.0
911903, 2.0
912381, 1.0
912395, 1.0
912397, 1.0
912405, 1.0
912882, 1.0
912897, 1.0
912899, 1.0
912907, 1.0
913384, 2.0
913399, 2.0
913400, 2.0
913408, 2.0
913886, 2.0
913900, 2.0
913901, 2.0
913910, 2.0
914388, 2.0
914401, 2.0
914402, 2.0
914412, 2.0
914889, 2.0
914903, 2.0
914904, 2.0
914914, 2.0
915390, 2.0
915405, 2.0
915415, 2.0
915892, 2.0
915907, 2.0
915917, 2.0
916394, 2.0
916408, 2.0
916409, 2.0
916419, 2.0
916895, 1.0
916910, 1.0
916920, 1.0
917396, 2.0
917411, 2.0
917422, 2.0
917898, 1.0
917913, 1.0
917923, 1.0
918400, 2.0
918414, 2.0
918415, 2.0
918425, 2.0
918902, 1.0
918915, 1.0
918916, 1.0
918926, 1.0
919403, 2.0
919417, 2.0
919418, 2.0
919428, 2.0
919904, 2.0
919919, 2.0
919920, 2.0
919930, 2.0
920406, 1.0
920421, 1.0
920422, 1.0
920431, 1.0
920908, 1.0
920922, 1.0
920923, 1.0
920933, 1.0
921409, 2.0
921424, 2.0
921425, 2.0
921434, 2.0
921911, 2.0
921926, 2.0
921936, 2.0
922412, 2.0
922427, 2.0
922428, 2.0
922438, 2.0
922914, 2.0
922929, 2.0
922930, 2.0
922940, 2.0
923415, 2.0
923431, 2.0
923442, 2.0
923916, 1.0
923933, 1.5
923943, 2.0
924418, 3.0
924435, 3.0
924444, 3.0
924919, 2.0
924936, 2.0
924937, 2.0
924946, 2.0
925421, 2.0
925438, 2.0
925447, 2.0
925922, 2.0
925939, 2.0
925940, 2.0
925949, 2.0
926424, 2.0
926441, 2.0
926442, 2.0
926450, 2.0
926925, 2.0
926942, 2.0
926944, 2.0
926952, 2.0
927427, 2.0
927444, 2.0
927445, 2.0
927453, 2.0
927929, 1.0
927945, 1.0
927946, 1.0
927954, 1.0
928430, 1.0
928446, 1.0
928448, 1.0
928456, 1.0
928931, 2.0
928948, 2.0
928949, 2.0
928957, 2.0
929432, 2.0
929449, 2.0
929450, 2.0
929458, 2.0
929933, 1.0
929951, 1.0
929952, 1.0
929961, 1.0
930435, 2.0
930453, 2.0
930454, 2.0
930462, 2.0
930936, 2.0
930955, 2.0
930956, 2.0
930964, 2.0
931438, 2.0
931456, 2.0
931457, 2.0
931466, 2.0
931939, 2.0
931957, 2.0
931959, 2.0
931967, 2.0
932440, 2.0
932458, 2.0
932460, 2.0
932469, 2.0
932942, 2.0
932960, 2.0
932962, 2.0
932970, 2.0
933443, 2.0
933461, 2.0
933463, 2.0
933471, 2.0
933945, 3.0
933963, 3.0
933965, 3.0
933973, 3.0
934447, 2.0
934464, 2.0
934466, 2.0
934474, 2.0
934948, 2.0
934965, 2.0
934967, 2.0
934976, 2.0
935449, 1.0
935467, 1.0
935469, 1.0
935478, 1.0
935951, 2.0
935968, 2.0
935970, 2.0
935979, 2.0
936453, 3.0
936470, 3.0
936472, 3.0
936480, 3.0
936955, 1.0
936971, 1.0
936974, 1.0
936982, 1.0
937457, 2.0
937473, 2.0
937475, 2.0
937484, 2.0
937958, 2.0
937975, 2.0
937976, 2.0
937985, 2.0
938460, 2.0
938476, 2.0
938477, 2.0
938487, 2.0
938962, 1.0
938978, 1.0
938979, 1.0
938989, 1.0
939463, 2.0
939479, 2.0
939481, 2.0
939490, 2.0
939965, 2.0
939980, 2.0
939983, 2.0
939992, 2.0
940466, 1.0
940482, 1.0
940484, 1.0
940493, 1.0
940967, 2.0
940983, 2.0
940986, 2.0
940994, 1.0
941469, 2.0
941485, 2.0
941487, 2.0
941496, 2.0
941970, 2.0
941987, 2.0
941988, 2.0
941998, 2.0
942471, 2.0
942488, 2.0
942490, 2.0
942500, 2.0
942973, 2.0
942990, 2.0
942991, 2.0
943001, 2.0
943475, 2.0
943491, 2.0
943493, 2.0
943503, 2.0
943976, 2.0
943993, 2.0
943995, 2.0
944005, 2.0
944478, 2.0
944495, 2.0
944496, 2.0
944507, 2.0
944979, 2.0
944996, 2.0
944997, 2.0
945008, 2.0
945480, 2.0
945497, 2.0
945499, 2.0
945510, 2.0
945982, 2.0
945998, 2.0
946000, 2.0
946011, 2.0
946483, 2.0
946500, 2.0
946502, 2.0
946512, 2.0
946985, 2.0
947001, 2.0
947003, 2.0
947014, 2.0
947487, 1.0
947502, 1.0
947506, 1.0
947516, 1.0
947989, 2.0
948004, 2.0
948008, 2.0
948017, 2.0
948490, 2.0
948506, 2.0
948509, 2.0
948519, 2.0
948991, 2.0
949007, 2.0
949011, 2.0
949020, 2.0
949493, 2.0
949508, 2.0
949513, 2.0
949522, 2.0
949995, 2.0
950010, 2.0
950015, 2.0
950023, 2.0
950496, 2.0
950512, 2.0
950516, 2.0
950525, 2.0
950997, 1.0
951013, 1.0
951017, 1.0
951026, 1.0
951499, 2.0
951515, 2.0
951518, 2.0
951528, 2.0
952001, 2.0
952017, 2.0
952020, 2.0
952029, 2.0
952502, 2.0
952518, 2.0
952521, 2.0
952530, 2.0
953004, 2.0
953020, 2.0
953022, 2.0
953031, 2.0
953505, 4.0
953522, 4.0
953523, 4.0
953532, 4.0
954007, 2.0
954024, 2.0
954025, 2.0
954034, 2.0
954509, 2.0
954525, 2.0
954527, 2.0
954536, 2.0
955010, 2.0
955027, 2.0
955028, 2.0
955038, 2.0
955512, 2.0
955528, 2.0
955530, 2.0
955539, 2.0
956013, 2.0
956030, 2.0
956031, 2.0
956040, 2.0
956515, 2.0
956532, 2.0
956542, 2.0
957016, 2.0
957034, 2.0
957043, 2.0
957518, 2.0
957535, 2.0
957536, 2.0
957544, 2.0
958020, 1.0
958037, 1.0
958045, 1.0
958521, 2.0
958538, 2.0
958539, 2.0
958548, 2.0
959023, 1.0
959040, 1.0
959041, 1.0
959049, 1.0
959525, 1.0
959541, 1.0
959542, 2.0
959551, 2.0
960026, 2.0
960042, 2.0
960043, 2.0
960053, 2.0
960528, 2.0
960544, 2.0
960545, 2.0
960555, 2.0
961029, 2.0
961045, 2.0
961046, 2.0
961056, 2.0
961530, 2.0
961547, 2.0
961558, 2.0
